143 31200
6 86 9073
86 6 9073
77 123 4684
123 77 4684
77 26 6392
26 77 6392
25 47 2164
47 25 2164
4 117 7452
117 4 7452
49 121 2213
121 49 2213
58 70 5239
70 58 5239
130 59 2016
59 130 2016
9 89 135
89 9 135
51 31 8136
31 51 8136
15 111 4571
111 15 4571
14 88 8546
88 14 8546
84 77 1448
77 84 1448
90 25 4297
25 90 4297
15 60 9707
60 15 9707
47 72 4754
72 47 4754
63 16 77
16 63 77
132 10 3950
10 132 3950
67 55 3706
55 67 3706
13 142 6440
142 13 6440
92 79 810
79 92 810
64 118 586
118 64 586
31 39 4991
39 31 4991
2 67 1815
67 2 1815
101 58 6355
58 101 6355
135 139 302
139 135 302
112 49 2900
49 112 2900
8 58 455
58 8 455
113 55 2811
55 113 2811
5 130 535
130 5 535
48 42 3346
42 48 3346
10 117 2275
117 10 2275
63 40 728
40 63 728
74 83 7360
83 74 7360
66 100 1248
100 66 1248
117 98 2778
98 117 2778
130 106 3432
106 130 3432
94 34 9262
34 94 9262
122 81 8952
81 122 8952
12 118 5317
118 12 5317
19 123 3087
123 19 3087
27 90 2127
90 27 2127
118 10 1501
10 118 1501
88 104 8691
104 88 8691
110 77 8800
77 110 8800
94 7 8881
7 94 8881
7 48 3067
48 7 3067
81 42 5028
42 81 5028
3 111 6730
111 3 6730
54 113 3173
113 54 3173
77 23 6442
23 77 6442
16 87 7054
87 16 7054
73 76 763
76 73 763
58 87 366
87 58 366
131 113 3164
113 131 3164
31 75 4391
75 31 4391
24 39 7620
39 24 7620
2 27 6588
27 2 6588
66 55 262
55 66 262
23 110 4512
110 23 4512
94 116 9216
116 94 9216
136 119 8216
119 136 8216
139 70 7353
70 139 7353
48 138 228
138 48 228
45 11 7632
11 45 7632
88 40 6253
40 88 6253
95 98 8057
98 95 8057
18 81 3359
81 18 3359
23 63 562
63 23 562
127 20 8819
20 127 8819
4 61 4833
61 4 4833
96 18 4774
18 96 4774
27 111 2146
111 27 2146
65 28 8690
28 65 8690
39 120 5094
120 39 5094
14 75 3085
75 14 3085
55 66 7370
66 55 7370
6 142 702
142 6 702
57 21 2739
21 57 2739
6 139 3643
139 6 3643
109 66 7041
66 109 7041
99 40 582
40 99 582
65 130 9182
130 65 9182
142 139 1832
139 142 1832
91 100 9474
100 91 9474
30 113 9271
113 30 9271
106 26 2893
26 106 2893
114 71 1464
71 114 1464
140 17 9470
17 140 9470
6 131 8944
131 6 8944
49 32 2468
32 49 2468
57 94 3358
94 57 3358
109 54 2771
54 109 2771
88 61 3857
61 88 3857
66 130 2764
130 66 2764
74 128 8100
128 74 8100
114 133 4541
133 114 4541
88 108 6046
108 88 6046
9 46 9417
46 9 9417
40 30 5256
30 40 5256
69 44 1358
44 69 1358
77 75 3910
75 77 3910
63 15 540
15 63 540
87 132 6630
132 87 6630
10 33 8278
33 10 8278
118 79 2853
79 118 2853
95 106 3702
106 95 3702
21 60 3129
60 21 3129
37 135 6531
135 37 6531
8 73 6388
73 8 6388
20 54 9969
54 20 9969
48 49 4595
49 48 4595
6 2 3499
2 6 3499
37 73 9993
73 37 9993
18 39 9532
39 18 9532
80 108 7206
108 80 7206
77 42 2627
42 77 2627
89 127 7203
127 89 7203
48 23 6545
23 48 6545
97 40 2781
40 97 2781
41 136 6297
136 41 6297
11 79 4859
79 11 4859
68 76 2940
76 68 2940
135 31 2825
31 135 2825
63 126 5796
126 63 5796
48 25 4351
25 48 4351
90 111 9638
111 90 9638
40 31 5830
31 40 5830
122 30 6499
30 122 6499
136 128 3369
128 136 3369
52 142 5528
142 52 5528
113 112 9532
112 113 9532
1 123 3241
123 1 3241
49 12 1838
12 49 1838
69 37 6216
37 69 6216
30 32 4353
32 30 4353
94 139 7796
139 94 7796
39 84 1109
84 39 1109
60 39 6925
39 60 6925
67 73 2089
73 67 2089
132 70 9107
70 132 9107
130 111 146
111 130 146
106 88 1268
88 106 1268
107 15 8045
15 107 8045
9 30 1193
30 9 1193
111 84 2402
84 111 2402
11 119 9491
119 11 9491
82 102 7313
102 82 7313
112 64 5724
64 112 5724
79 10 7724
10 79 7724
8 15 1040
15 8 1040
9 114 9743
114 9 9743
33 143 3859
143 33 3859
142 73 8017
73 142 8017
66 78 3425
78 66 3425
46 96 3655
96 46 3655
125 11 2852
11 125 2852
120 47 6952
47 120 6952
135 107 8725
107 135 8725
93 40 9244
40 93 9244
86 95 5718
95 86 5718
10 16 1434
16 10 1434
102 11 1591
11 102 1591
22 128 1458
128 22 1458
130 75 1261
75 130 1261
127 1 1126
1 127 1126
62 52 2287
52 62 2287
3 117 229
117 3 229
120 38 6010
38 120 6010
17 3 6222
3 17 6222
112 50 8479
50 112 8479
58 50 1006
50 58 1006
49 115 8947
115 49 8947
109 40 4423
40 109 4423
129 136 1700
136 129 1700
16 62 6676
62 16 6676
27 81 608
81 27 608
39 19 2508
19 39 2508
54 135 4900
135 54 4900
139 48 4654
48 139 4654
54 34 5966
34 54 5966
59 52 9377
52 59 9377
28 99 1410
99 28 1410
128 119 753
119 128 753
100 50 6714
50 100 6714
101 118 4753
118 101 4753
113 60 3553
60 113 3553
58 57 8161
57 58 8161
41 123 9967
123 41 9967
80 50 2406
50 80 2406
53 49 5510
49 53 5510
113 42 1353
42 113 1353
26 65 1041
65 26 1041
21 17 8652
17 21 8652
38 10 8152
10 38 8152
22 57 2195
57 22 2195
17 67 1775
67 17 1775
58 17 1630
17 58 1630
74 28 1788
28 74 1788
32 66 2045
66 32 2045
50 88 1471
88 50 1471
30 46 3202
46 30 3202
8 81 1235
81 8 1235
15 121 5625
121 15 5625
31 18 1908
18 31 1908
142 13 6312
13 142 6312
83 79 952
79 83 952
93 60 4606
60 93 4606
31 24 5370
24 31 5370
58 107 2806
107 58 2806
111 117 5879
117 111 5879
28 41 3653
41 28 3653
105 65 9052
65 105 9052
31 98 9868
98 31 9868
14 90 2157
90 14 2157
97 15 4821
15 97 4821
22 125 2246
125 22 2246
117 95 216
95 117 216
129 12 3672
12 129 3672
83 40 5393
40 83 5393
17 38 4206
38 17 4206
127 106 5245
106 127 5245
109 6 4579
6 109 4579
75 4 1287
4 75 1287
113 139 2960
139 113 2960
70 60 9623
60 70 9623
85 74 5743
74 85 5743
91 46 5597
46 91 5597
122 45 1467
45 122 1467
54 17 3944
17 54 3944
137 119 1455
119 137 1455
79 92 6480
92 79 6480
11 140 9382
140 11 9382
40 83 8394
83 40 8394
16 33 206
33 16 206
22 121 8394
121 22 8394
124 106 1243
106 124 1243
78 36 3621
36 78 3621
31 96 3512
96 31 3512
109 11 1756
11 109 1756
96 106 5107
106 96 5107
94 10 8047
10 94 8047
46 76 8123
76 46 8123
82 126 6935
126 82 6935
48 130 2089
130 48 2089
126 19 7116
19 126 7116
46 94 601
94 46 601
11 57 1694
57 11 1694
121 76 3462
76 121 3462
120 38 5400
38 120 5400
13 31 4870
31 13 4870
79 79 3319
79 79 3319
92 11 2791
11 92 2791
80 133 861
133 80 861
27 52 5328
52 27 5328
40 25 3053
25 40 3053
33 143 1099
143 33 1099
52 89 4402
89 52 4402
10 86 4620
86 10 4620
78 126 3554
126 78 3554
58 48 9120
48 58 9120
133 55 3721
55 133 3721
94 17 3016
17 94 3016
19 140 6451
140 19 6451
139 86 2661
86 139 2661
37 43 7107
43 37 7107
76 103 5752
103 76 5752
7 8 3701
8 7 3701
56 97 9943
97 56 9943
48 28 7917
28 48 7917
45 78 3591
78 45 3591
65 55 902
55 65 902
51 105 178
105 51 178
37 2 7900
2 37 7900
26 45 7736
45 26 7736
104 101 8965
101 104 8965
94 113 9059
113 94 9059
126 140 2982
140 126 2982
89 104 4082
104 89 4082
106 46 4217
46 106 4217
110 65 8048
65 110 8048
67 15 2754
15 67 2754
137 104 7914
104 137 7914
100 115 1045
115 100 1045
141 141 101
141 141 101
15 65 9889
65 15 9889
113 140 3769
140 113 3769
49 98 6431
98 49 6431
5 68 8950
68 5 8950
11 64 4053
64 11 4053
88 120 8594
120 88 8594
38 141 3017
141 38 3017
81 130 9660
130 81 9660
102 91 6130
91 102 6130
81 5 6315
5 81 6315
12 91 5941
91 12 5941
77 126 8865
126 77 8865
49 125 8026
125 49 8026
28 1 3200
1 28 3200
31 114 3083
114 31 3083
126 134 3952
134 126 3952
11 71 3173
71 11 3173
78 49 3646
49 78 3646
31 71 5583
71 31 5583
142 117 1414
117 142 1414
70 95 9608
95 70 9608
62 98 194
98 62 194
70 23 9149
23 70 9149
141 1 3184
1 141 3184
110 135 2013
135 110 2013
132 81 8856
81 132 8856
25 2 3006
2 25 3006
126 13 6211
13 126 6211
121 98 7854
98 121 7854
118 119 4836
119 118 4836
32 102 8177
102 32 8177
5 99 1535
99 5 1535
113 95 142
95 113 142
64 14 1516
14 64 1516
121 112 5983
112 121 5983
123 105 8407
105 123 8407
44 94 467
94 44 467
57 71 7863
71 57 7863
86 141 31
141 86 31
56 102 9543
102 56 9543
28 95 85
95 28 85
2 5 7647
5 2 7647
64 5 8598
5 64 8598
89 133 4285
133 89 4285
21 16 1857
16 21 1857
36 94 4983
94 36 4983
109 5 5477
5 109 5477
101 142 1885
142 101 1885
120 55 2146
55 120 2146
133 137 1992
137 133 1992
14 128 6966
128 14 6966
108 108 7856
108 108 7856
51 5 1666
5 51 1666
85 56 6824
56 85 6824
71 140 1633
140 71 1633
35 74 2343
74 35 2343
93 128 6232
128 93 6232
141 90 4528
90 141 4528
92 138 6539
138 92 6539
34 62 1235
62 34 1235
3 6 3372
6 3 3372
40 134 6973
134 40 6973
9 115 57
115 9 57
77 6 9760
6 77 9760
90 126 2097
126 90 2097
87 88 8346
88 87 8346
55 14 6262
14 55 6262
73 108 3937
108 73 3937
14 89 4052
89 14 4052
120 83 6240
83 120 6240
122 51 2065
51 122 2065
62 57 9593
57 62 9593
72 41 8782
41 72 8782
67 114 676
114 67 676
16 114 9663
114 16 9663
29 15 6409
15 29 6409
29 36 2701
36 29 2701
63 108 2587
108 63 2587
25 67 2874
67 25 2874
64 124 7364
124 64 7364
91 100 8827
100 91 8827
67 122 5621
122 67 5621
125 92 7065
92 125 7065
124 37 5580
37 124 5580
121 19 1460
19 121 1460
27 79 8370
79 27 8370
73 71 3962
71 73 3962
127 128 632
128 127 632
58 32 4969
32 58 4969
81 26 9807
26 81 9807
27 18 4256
18 27 4256
48 98 1540
98 48 1540
24 7 1076
7 24 1076
69 99 462
99 69 462
51 38 992
38 51 992
118 91 2776
91 118 2776
13 44 2249
44 13 2249
73 20 7138
20 73 7138
43 127 2691
127 43 2691
1 132 8320
132 1 8320
78 107 948
107 78 948
126 56 2674
56 126 2674
73 85 2901
85 73 2901
40 120 7749
120 40 7749
81 66 5770
66 81 5770
133 135 3819
135 133 3819
39 131 4469
131 39 4469
63 22 4342
22 63 4342
93 14 1140
14 93 1140
106 76 7358
76 106 7358
95 52 5213
52 95 5213
25 136 9127
136 25 9127
103 62 2091
62 103 2091
112 89 2284
89 112 2284
38 108 1453
108 38 1453
89 126 7581
126 89 7581
42 35 372
35 42 372
5 79 9275
79 5 9275
90 103 6419
103 90 6419
103 121 751
121 103 751
66 70 4835
70 66 4835
66 135 9425
135 66 9425
55 6 1974
6 55 1974
10 60 7821
60 10 7821
55 12 9873
12 55 9873
37 112 7844
112 37 7844
57 7 8925
7 57 8925
82 42 9780
42 82 9780
107 72 6182
72 107 6182
14 133 5274
133 14 5274
33 78 9210
78 33 9210
72 78 4181
78 72 4181
28 118 3247
118 28 3247
137 119 3697
119 137 3697
143 41 9605
41 143 9605
10 116 6090
116 10 6090
106 52 958
52 106 958
104 4 9813
4 104 9813
66 68 3470
68 66 3470
120 18 2702
18 120 2702
71 40 87
40 71 87
128 99 1375
99 128 1375
129 63 8109
63 129 8109
116 136 2987
136 116 2987
63 86 5159
86 63 5159
95 109 4873
109 95 4873
11 130 6923
130 11 6923
3 130 3706
130 3 3706
125 118 4075
118 125 4075
59 24 7155
24 59 7155
61 3 7536
3 61 7536
21 58 3713
58 21 3713
17 48 2250
48 17 2250
7 1 6215
1 7 6215
9 106 6073
106 9 6073
38 118 5485
118 38 5485
71 82 9948
82 71 9948
27 31 6068
31 27 6068
79 21 4795
21 79 4795
125 55 6085
55 125 6085
16 116 5187
116 16 5187
111 43 9552
43 111 9552
2 49 7244
49 2 7244
13 141 4559
141 13 4559
9 8 1088
8 9 1088
38 72 9548
72 38 9548
8 16 1372
16 8 1372
15 61 7938
61 15 7938
122 116 6320
116 122 6320
65 6 6446
6 65 6446
19 140 9163
140 19 9163
142 93 5226
93 142 5226
56 135 5099
135 56 5099
63 34 7386
34 63 7386
99 138 5837
138 99 5837
22 92 8777
92 22 8777
92 134 9369
134 92 9369
22 102 2305
102 22 2305
26 74 3141
74 26 3141
72 117 3122
117 72 3122
9 14 1219
14 9 1219
19 11 8920
11 19 8920
129 66 1063
66 129 1063
142 14 7380
14 142 7380
135 65 5140
65 135 5140
50 49 5164
49 50 5164
115 77 7339
77 115 7339
30 16 3287
16 30 3287
47 30 6675
30 47 6675
111 105 5055
105 111 5055
77 16 4883
16 77 4883
105 100 4063
100 105 4063
70 53 6269
53 70 6269
128 6 9974
6 128 9974
68 129 9653
129 68 9653
68 29 9344
29 68 9344
107 31 4951
31 107 4951
3 100 1633
100 3 1633
59 50 6324
50 59 6324
13 138 527
138 13 527
59 90 6354
90 59 6354
9 88 913
88 9 913
78 53 8216
53 78 8216
138 61 1712
61 138 1712
92 74 1461
74 92 1461
20 124 3899
124 20 3899
48 88 7030
88 48 7030
27 129 409
129 27 409
86 34 4641
34 86 4641
62 90 5042
90 62 5042
118 123 8802
123 118 8802
52 77 3895
77 52 3895
9 46 4818
46 9 4818
60 9 4664
9 60 4664
103 5 5307
5 103 5307
131 131 1866
131 131 1866
52 59 6325
59 52 6325
48 24 9622
24 48 9622
12 65 1596
65 12 1596
26 24 6118
24 26 6118
105 142 4988
142 105 4988
132 21 9944
21 132 9944
77 24 4421
24 77 4421
9 64 7965
64 9 7965
9 78 6417
78 9 6417
117 66 3730
66 117 3730
34 115 1530
115 34 1530
141 106 3568
106 141 3568
53 33 1407
33 53 1407
95 110 438
110 95 438
58 4 2115
4 58 2115
125 129 1229
129 125 1229
84 4 5299
4 84 5299
12 27 3174
27 12 3174
123 56 7351
56 123 7351
59 109 5920
109 59 5920
105 131 5013
131 105 5013
118 47 7541
47 118 7541
114 15 4526
15 114 4526
84 25 3483
25 84 3483
114 19 4274
19 114 4274
7 136 7451
136 7 7451
140 105 6663
105 140 6663
37 103 7032
103 37 7032
55 140 6198
140 55 6198
114 84 3794
84 114 3794
8 93 1534
93 8 1534
70 50 818
50 70 818
83 104 2929
104 83 2929
4 108 4709
108 4 4709
115 110 6989
110 115 6989
30 23 123
23 30 123
47 116 1340
116 47 1340
26 87 6681
87 26 6681
2 99 5866
99 2 5866
134 136 5707
136 134 5707
128 53 3815
53 128 3815
115 15 3225
15 115 3225
128 15 9395
15 128 9395
20 111 4273
111 20 4273
70 125 3725
125 70 3725
77 132 7029
132 77 7029
103 98 4470
98 103 4470
67 23 9219
23 67 9219
9 34 6250
34 9 6250
66 11 824
11 66 824
49 87 5626
87 49 5626
124 10 6587
10 124 6587
13 113 5854
113 13 5854
81 130 2202
130 81 2202
138 43 4681
43 138 4681
33 114 3133
114 33 3133
46 89 5577
89 46 5577
57 93 1275
93 57 1275
70 64 2021
64 70 2021
119 130 7684
130 119 7684
18 124 4897
124 18 4897
6 136 9184
136 6 9184
113 70 6115
70 113 6115
37 128 6938
128 37 6938
58 130 9793
130 58 9793
34 126 284
126 34 284
118 113 5771
113 118 5771
71 133 4440
133 71 4440
141 134 5440
134 141 5440
128 107 4698
107 128 4698
7 126 6639
126 7 6639
140 9 6249
9 140 6249
55 68 76
68 55 76
56 20 6199
20 56 6199
58 135 9780
135 58 9780
33 2 4951
2 33 4951
126 6 7343
6 126 7343
133 83 3523
83 133 3523
3 98 6542
98 3 6542
49 23 4262
23 49 4262
74 14 1017
14 74 1017
6 53 8138
53 6 8138
86 139 9958
139 86 9958
142 52 9864
52 142 9864
86 118 1710
118 86 1710
50 95 1800
95 50 1800
91 118 9094
118 91 9094
42 28 3114
28 42 3114
55 75 247
75 55 247
30 72 2285
72 30 2285
87 94 6154
94 87 6154
116 26 3283
26 116 3283
53 2 1966
2 53 1966
104 17 5634
17 104 5634
7 47 5207
47 7 5207
21 9 8249
9 21 8249
25 82 8721
82 25 8721
21 75 9731
75 21 9731
9 91 4281
91 9 4281
30 73 1461
73 30 1461
128 46 4414
46 128 4414
132 28 7055
28 132 7055
9 58 8805
58 9 8805
57 6 7954
6 57 7954
106 46 7437
46 106 7437
123 22 1148
22 123 1148
127 34 3475
34 127 3475
3 29 402
29 3 402
54 119 8820
119 54 8820
119 82 7654
82 119 7654
112 45 7644
45 112 7644
135 48 1207
48 135 1207
57 134 7665
134 57 7665
103 139 8404
139 103 8404
41 63 4409
63 41 4409
96 129 6735
129 96 6735
6 35 1329
35 6 1329
142 108 6268
108 142 6268
16 39 3345
39 16 3345
143 44 7539
44 143 7539
54 85 1384
85 54 1384
91 89 5298
89 91 5298
108 61 8175
61 108 8175
79 122 5690
122 79 5690
70 106 4477
106 70 4477
30 35 7015
35 30 7015
63 104 804
104 63 804
1 4 6673
4 1 6673
41 14 7852
14 41 7852
18 47 9778
47 18 9778
91 28 9831
28 91 9831
41 30 2215
30 41 2215
21 80 4579
80 21 4579
133 54 7245
54 133 7245
61 131 5250
131 61 5250
32 111 4492
111 32 4492
134 137 8698
137 134 8698
99 84 8821
84 99 8821
7 133 853
133 7 853
47 73 1736
73 47 1736
115 82 9023
82 115 9023
134 10 244
10 134 244
33 23 7705
23 33 7705
18 142 7112
142 18 7112
70 105 1661
105 70 1661
90 72 3823
72 90 3823
7 115 3974
115 7 3974
58 19 1166
19 58 1166
123 88 2526
88 123 2526
12 9 5499
9 12 5499
89 76 2657
76 89 2657
52 60 3891
60 52 3891
16 119 1579
119 16 1579
107 105 7798
105 107 7798
39 136 9375
136 39 9375
12 122 2427
122 12 2427
53 104 5316
104 53 5316
28 52 6349
52 28 6349
45 67 1884
67 45 1884
99 9 2406
9 99 2406
45 130 9329
130 45 9329
77 104 9588
104 77 9588
124 100 991
100 124 991
51 143 3259
143 51 3259
13 143 5503
143 13 5503
122 110 7499
110 122 7499
107 16 2958
16 107 2958
93 8 1380
8 93 1380
128 75 1857
75 128 1857
17 45 9390
45 17 9390
11 112 5412
112 11 5412
105 13 3383
13 105 3383
46 131 6278
131 46 6278
105 111 8911
111 105 8911
84 77 750
77 84 750
39 10 1509
10 39 1509
133 111 4172
111 133 4172
127 82 129
82 127 129
86 89 2910
89 86 2910
34 97 7302
97 34 7302
134 142 594
142 134 594
17 23 419
23 17 419
29 123 1585
123 29 1585
102 126 4533
126 102 4533
94 91 1002
91 94 1002
30 66 7558
66 30 7558
25 109 5821
109 25 5821
59 110 6881
110 59 6881
8 63 597
63 8 597
80 120 6529
120 80 6529
110 14 1738
14 110 1738
133 48 8832
48 133 8832
42 112 5748
112 42 5748
87 24 6801
24 87 6801
128 82 9969
82 128 9969
80 31 1006
31 80 1006
75 139 3202
139 75 3202
50 93 8512
93 50 8512
63 19 9296
19 63 9296
75 130 4934
130 75 4934
22 49 6226
49 22 6226
121 84 3802
84 121 3802
57 47 8659
47 57 8659
91 143 7278
143 91 7278
10 49 9040
49 10 9040
32 73 7112
73 32 7112
133 76 3072
76 133 3072
106 42 9042
42 106 9042
109 128 711
128 109 711
107 98 5269
98 107 5269
46 132 3272
132 46 3272
3 139 6110
139 3 6110
36 16 7994
16 36 7994
52 68 7434
68 52 7434
132 84 1207
84 132 1207
34 6 2932
6 34 2932
132 121 5405
121 132 5405
15 89 6770
89 15 6770
34 81 5321
81 34 5321
134 106 3673
106 134 3673
111 32 3893
32 111 3893
121 123 8817
123 121 8817
37 73 1239
73 37 1239
11 74 971
74 11 971
86 51 819
51 86 819
4 3 6245
3 4 6245
124 1 9326
1 124 9326
67 24 9644
24 67 9644
100 7 9808
7 100 9808
11 104 7636
104 11 7636
39 49 3192
49 39 3192
102 7 2613
7 102 2613
91 40 5038
40 91 5038
35 92 9112
92 35 9112
35 134 5410
134 35 5410
115 87 5982
87 115 5982
114 67 438
67 114 438
12 86 5743
86 12 5743
70 49 2667
49 70 2667
79 126 7846
126 79 7846
38 114 2505
114 38 2505
24 20 6410
20 24 6410
136 108 9352
108 136 9352
110 102 8579
102 110 8579
90 118 3201
118 90 3201
62 143 2095
143 62 2095
67 113 4996
113 67 4996
130 117 8680
117 130 8680
13 70 1258
70 13 1258
100 21 585
21 100 585
60 91 9451
91 60 9451
116 7 1581
7 116 1581
33 83 8554
83 33 8554
43 82 7148
82 43 7148
106 11 2210
11 106 2210
54 17 9867
17 54 9867
105 119 8040
119 105 8040
42 140 1715
140 42 1715
98 16 9539
16 98 9539
87 29 2023
29 87 2023
113 129 6020
129 113 6020
64 87 7044
87 64 7044
47 141 1931
141 47 1931
22 107 7817
107 22 7817
32 30 386
30 32 386
94 18 4357
18 94 4357
140 130 1085
130 140 1085
11 117 9696
117 11 9696
142 91 4178
91 142 4178
53 92 4010
92 53 4010
51 45 3765
45 51 3765
42 71 5891
71 42 5891
127 65 9383
65 127 9383
68 57 772
57 68 772
58 93 6616
93 58 6616
35 28 2463
28 35 2463
44 11 702
11 44 702
38 124 9197
124 38 9197
115 108 1234
108 115 1234
100 29 1674
29 100 1674
98 72 1479
72 98 1479
84 40 3169
40 84 3169
6 20 4114
20 6 4114
44 41 9178
41 44 9178
87 135 7895
135 87 7895
138 21 1665
21 138 1665
136 19 7118
19 136 7118
27 15 8076
15 27 8076
125 108 9540
108 125 9540
25 130 2858
130 25 2858
55 8 7749
8 55 7749
36 52 2367
52 36 2367
79 58 9525
58 79 9525
120 14 8768
14 120 8768
55 89 8703
89 55 8703
143 115 647
115 143 647
91 89 4108
89 91 4108
40 85 2277
85 40 2277
5 118 3429
118 5 3429
117 109 6496
109 117 6496
75 140 4030
140 75 4030
61 31 8128
31 61 8128
89 6 1613
6 89 1613
34 3 4882
3 34 4882
17 105 4350
105 17 4350
90 55 6370
55 90 6370
97 26 4343
26 97 4343
31 106 7970
106 31 7970
33 72 3003
72 33 3003
25 104 8178
104 25 8178
62 142 4631
142 62 4631
40 8 6044
8 40 6044
135 65 4196
65 135 4196
24 128 2497
128 24 2497
7 17 7253
17 7 7253
90 11 6962
11 90 6962
43 125 4552
125 43 4552
97 143 303
143 97 303
31 31 6536
31 31 6536
48 9 2117
9 48 2117
94 79 5897
79 94 5897
81 59 3506
59 81 3506
61 24 3892
24 61 3892
142 90 3636
90 142 3636
140 28 9708
28 140 9708
129 132 5849
132 129 5849
45 121 6466
121 45 6466
74 124 5647
124 74 5647
128 48 8033
48 128 8033
128 139 7640
139 128 7640
28 103 1445
103 28 1445
74 37 1317
37 74 1317
44 60 1955
60 44 1955
15 27 9518
27 15 9518
69 46 2177
46 69 2177
8 120 8622
120 8 8622
3 10 8973
10 3 8973
23 40 8924
40 23 8924
114 65 1814
65 114 1814
2 105 6452
105 2 6452
13 97 2902
97 13 2902
63 24 7338
24 63 7338
81 17 1280
17 81 1280
114 41 373
41 114 373
78 79 2310
79 78 2310
50 11 2048
11 50 2048
83 90 2367
90 83 2367
130 29 717
29 130 717
74 108 9588
108 74 9588
47 61 1402
61 47 1402
22 7 2317
7 22 2317
5 90 7790
90 5 7790
22 56 9344
56 22 9344
4 73 9485
73 4 9485
75 19 3149
19 75 3149
138 90 1219
90 138 1219
32 30 9957
30 32 9957
61 87 2227
87 61 2227
53 139 9177
139 53 9177
18 77 416
77 18 416
97 110 9292
110 97 9292
8 25 8646
25 8 8646
17 82 7174
82 17 7174
49 13 7029
13 49 7029
19 114 7671
114 19 7671
89 87 9570
87 89 9570
99 94 4538
94 99 4538
41 28 5942
28 41 5942
98 131 3266
131 98 3266
54 57 6074
57 54 6074
6 70 282
70 6 282
98 86 1050
86 98 1050
21 11 2975
11 21 2975
10 25 9588
25 10 9588
80 8 9933
8 80 9933
70 77 4707
77 70 4707
75 120 9215
120 75 9215
23 107 363
107 23 363
56 128 1239
128 56 1239
67 22 1013
22 67 1013
77 18 8255
18 77 8255
61 30 8254
30 61 8254
70 75 7714
75 70 7714
116 53 1941
53 116 1941
82 115 5926
115 82 5926
75 2 6946
2 75 6946
41 68 2706
68 41 2706
47 49 5641
49 47 5641
133 108 328
108 133 328
72 7 6920
7 72 6920
136 8 5515
8 136 5515
111 56 1738
56 111 1738
66 16 2933
16 66 2933
22 45 9712
45 22 9712
59 30 3570
30 59 3570
45 109 3052
109 45 3052
21 59 9032
59 21 9032
134 81 8435
81 134 8435
80 101 4216
101 80 4216
120 121 3003
121 120 3003
5 28 2780
28 5 2780
126 40 7663
40 126 7663
93 10 4498
10 93 4498
21 18 5157
18 21 5157
135 127 6182
127 135 6182
98 142 3825
142 98 3825
26 58 9639
58 26 9639
101 76 9775
76 101 9775
73 122 4006
122 73 4006
64 77 6237
77 64 6237
70 128 463
128 70 463
78 56 5739
56 78 5739
111 103 9993
103 111 9993
27 96 2446
96 27 2446
110 100 5945
100 110 5945
9 65 3943
65 9 3943
115 30 8271
30 115 8271
56 61 6938
61 56 6938
61 142 8216
142 61 8216
30 133 1974
133 30 1974
59 128 2848
128 59 2848
36 10 1020
10 36 1020
82 54 84
54 82 84
130 37 5134
37 130 5134
52 59 9488
59 52 9488
68 56 7349
56 68 7349
22 20 6720
20 22 6720
125 65 1702
65 125 1702
13 134 4182
134 13 4182
12 130 145
130 12 145
77 19 1195
19 77 1195
111 1 987
1 111 987
25 141 9289
141 25 9289
74 80 6406
80 74 6406
141 48 4828
48 141 4828
12 131 4601
131 12 4601
121 14 3848
14 121 3848
141 101 7544
101 141 7544
17 86 4877
86 17 4877
84 71 5316
71 84 5316
52 83 1506
83 52 1506
82 133 9266
133 82 9266
131 34 3487
34 131 3487
125 95 6469
95 125 6469
38 94 7863
94 38 7863
97 10 2765
10 97 2765
133 126 4963
126 133 4963
79 33 6788
33 79 6788
16 56 8889
56 16 8889
63 129 6544
129 63 6544
69 33 2689
33 69 2689
85 6 4997
6 85 4997
5 120 9312
120 5 9312
107 18 6621
18 107 6621
7 27 4142
27 7 4142
105 23 1785
23 105 1785
26 134 4112
134 26 4112
117 119 8148
119 117 8148
67 10 7994
10 67 7994
135 46 5934
46 135 5934
136 83 9230
83 136 9230
9 108 6790
108 9 6790
87 53 4909
53 87 4909
49 37 5804
37 49 5804
87 109 893
109 87 893
6 67 7750
67 6 7750
112 37 5540
37 112 5540
80 54 4108
54 80 4108
14 120 3961
120 14 3961
131 141 8059
141 131 8059
57 9 1046
9 57 1046
37 70 1651
70 37 1651
13 133 2611
133 13 2611
50 14 7788
14 50 7788
60 97 9030
97 60 9030
6 119 9224
119 6 9224
57 23 4348
23 57 4348
70 3 3817
3 70 3817
70 95 7825
95 70 7825
114 6 6144
6 114 6144
86 78 9159
78 86 9159
16 43 6960
43 16 6960
98 37 2052
37 98 2052
59 27 5289
27 59 5289
37 122 5356
122 37 5356
5 77 7891
77 5 7891
85 74 4519
74 85 4519
80 99 7952
99 80 7952
25 133 6043
133 25 6043
140 45 4753
45 140 4753
51 30 9811
30 51 9811
117 131 6576
131 117 6576
57 40 2304
40 57 2304
101 112 3847
112 101 3847
6 61 8470
61 6 8470
63 39 7410
39 63 7410
15 124 8107
124 15 8107
67 34 9527
34 67 9527
126 113 1446
113 126 1446
59 94 7164
94 59 7164
137 67 672
67 137 672
113 30 9334
30 113 9334
49 48 7517
48 49 7517
35 22 8071
22 35 8071
113 43 6662
43 113 6662
64 25 1766
25 64 1766
90 35 7579
35 90 7579
96 129 821
129 96 821
56 41 730
41 56 730
25 110 5980
110 25 5980
55 80 77
80 55 77
122 68 4792
68 122 4792
111 105 3178
105 111 3178
130 137 4263
137 130 4263
127 53 3906
53 127 3906
135 32 4282
32 135 4282
57 19 9780
19 57 9780
130 45 2368
45 130 2368
63 57 8685
57 63 8685
24 104 8999
104 24 8999
74 27 9334
27 74 9334
12 60 5062
60 12 5062
17 122 5545
122 17 5545
60 134 1679
134 60 1679
51 44 2589
44 51 2589
13 75 2685
75 13 2685
85 11 6956
11 85 6956
122 128 9116
128 122 9116
85 69 5956
69 85 5956
13 55 5894
55 13 5894
95 56 1646
56 95 1646
132 48 9337
48 132 9337
36 32 638
32 36 638
4 11 8131
11 4 8131
40 127 7688
127 40 7688
30 46 8125
46 30 8125
108 50 4273
50 108 4273
59 45 8518
45 59 8518
29 98 9225
98 29 9225
93 51 5917
51 93 5917
24 28 8796
28 24 8796
65 116 1084
116 65 1084
138 85 8133
85 138 8133
68 106 1357
106 68 1357
91 122 4058
122 91 4058
81 58 2582
58 81 2582
39 51 3400
51 39 3400
81 10 1980
10 81 1980
8 22 9442
22 8 9442
130 87 1809
87 130 1809
56 105 5107
105 56 5107
59 142 9936
142 59 9936
70 68 5721
68 70 5721
114 70 466
70 114 466
84 12 3861
12 84 3861
63 12 2524
12 63 2524
127 110 3895
110 127 3895
65 137 712
137 65 712
58 110 5815
110 58 5815
48 46 7324
46 48 7324
62 132 5609
132 62 5609
80 49 2737
49 80 2737
113 26 9544
26 113 9544
45 53 8895
53 45 8895
113 116 2915
116 113 2915
30 52 1372
52 30 1372
40 117 5962
117 40 5962
51 62 8056
62 51 8056
122 70 670
70 122 670
81 51 2196
51 81 2196
122 92 8942
92 122 8942
29 109 673
109 29 673
127 105 7888
105 127 7888
35 69 607
69 35 607
69 88 7257
88 69 7257
110 107 7157
107 110 7157
57 117 5711
117 57 5711
43 40 745
40 43 745
51 62 1062
62 51 1062
80 71 498
71 80 498
37 58 2357
58 37 2357
103 44 5258
44 103 5258
83 95 3340
95 83 3340
107 42 8586
42 107 8586
19 125 5704
125 19 5704
4 130 4472
130 4 4472
107 84 7921
84 107 7921
51 49 6609
49 51 6609
46 19 745
19 46 745
95 118 2732
118 95 2732
114 92 6363
92 114 6363
35 44 3289
44 35 3289
59 22 8769
22 59 8769
136 66 2291
66 136 2291
72 30 456
30 72 456
49 140 7496
140 49 7496
125 24 7023
24 125 7023
20 51 3023
51 20 3023
71 18 3129
18 71 3129
120 100 1116
100 120 1116
55 53 7455
53 55 7455
104 132 5903
132 104 5903
7 124 8751
124 7 8751
3 99 1666
99 3 1666
103 51 1194
51 103 1194
121 43 8749
43 121 8749
30 104 4740
104 30 4740
127 136 8046
136 127 8046
106 98 9807
98 106 9807
75 22 2370
22 75 2370
85 63 254
63 85 254
52 92 4959
92 52 4959
68 4 3166
4 68 3166
124 80 844
80 124 844
143 68 1196
68 143 1196
46 111 960
111 46 960
10 118 6949
118 10 6949
103 22 1783
22 103 1783
44 118 8889
118 44 8889
77 45 2786
45 77 2786
111 100 4547
100 111 4547
40 50 7231
50 40 7231
46 10 8897
10 46 8897
119 85 3161
85 119 3161
35 88 908
88 35 908
106 22 6084
22 106 6084
29 41 4281
41 29 4281
10 113 1526
113 10 1526
22 77 4613
77 22 4613
94 109 6909
109 94 6909
109 62 6907
62 109 6907
84 72 4913
72 84 4913
32 58 766
58 32 766
73 22 3535
22 73 3535
79 124 6088
124 79 6088
47 103 3056
103 47 3056
26 111 7913
111 26 7913
89 126 4093
126 89 4093
38 136 5304
136 38 5304
94 51 2439
51 94 2439
3 71 9860
71 3 9860
30 87 8587
87 30 8587
18 44 9051
44 18 9051
121 94 9949
94 121 9949
26 128 8932
128 26 8932
38 52 9109
52 38 9109
113 34 5285
34 113 5285
47 108 1947
108 47 1947
100 30 2798
30 100 2798
29 127 8189
127 29 8189
30 59 3007
59 30 3007
2 55 4219
55 2 4219
12 39 5479
39 12 5479
70 9 1822
9 70 1822
14 73 3109
73 14 3109
31 29 6590
29 31 6590
2 13 176
13 2 176
86 78 6095
78 86 6095
91 92 8061
92 91 8061
105 67 8785
67 105 8785
142 62 9466
62 142 9466
122 105 6038
105 122 6038
143 57 531
57 143 531
91 40 8822
40 91 8822
76 6 1979
6 76 1979
10 38 3999
38 10 3999
69 57 1009
57 69 1009
89 74 7401
74 89 7401
127 116 5535
116 127 5535
19 94 6302
94 19 6302
74 49 9654
49 74 9654
35 89 9843
89 35 9843
73 40 5878
40 73 5878
107 31 353
31 107 353
41 79 5208
79 41 5208
33 70 6755
70 33 6755
67 138 8297
138 67 8297
8 94 2403
94 8 2403
134 47 5005
47 134 5005
97 104 4662
104 97 4662
50 60 6876
60 50 6876
73 121 4112
121 73 4112
61 130 4891
130 61 4891
71 48 2511
48 71 2511
86 80 9597
80 86 9597
35 46 1999
46 35 1999
4 59 5060
59 4 5060
141 51 5928
51 141 5928
131 129 9154
129 131 9154
21 75 3685
75 21 3685
12 39 6658
39 12 6658
78 29 7835
29 78 7835
45 132 6220
132 45 6220
46 8 3633
8 46 3633
136 93 7412
93 136 7412
41 22 7397
22 41 7397
130 21 6575
21 130 6575
55 76 9685
76 55 9685
23 116 3472
116 23 3472
1 19 1084
19 1 1084
112 28 4435
28 112 4435
20 93 675
93 20 675
34 121 911
121 34 911
58 106 5625
106 58 5625
23 46 3738
46 23 3738
113 141 6273
141 113 6273
99 91 2791
91 99 2791
140 51 7397
51 140 7397
107 34 7595
34 107 7595
72 70 1252
70 72 1252
6 120 9301
120 6 9301
11 137 9006
137 11 9006
128 24 4524
24 128 4524
60 126 4121
126 60 4121
113 84 6957
84 113 6957
7 15 6217
15 7 6217
128 79 1622
79 128 1622
71 11 188
11 71 188
88 56 9341
56 88 9341
92 66 190
66 92 190
29 9 2941
9 29 2941
34 141 9482
141 34 9482
69 9 1920
9 69 1920
39 78 8048
78 39 8048
86 81 4572
81 86 4572
141 77 4608
77 141 4608
76 4 6206
4 76 6206
81 44 2945
44 81 2945
47 140 2715
140 47 2715
141 11 1702
11 141 1702
72 129 4871
129 72 4871
120 127 8455
127 120 8455
105 90 7415
90 105 7415
71 23 4227
23 71 4227
67 36 4455
36 67 4455
113 33 3453
33 113 3453
116 55 1604
55 116 1604
69 104 3650
104 69 3650
57 60 5252
60 57 5252
61 33 8537
33 61 8537
82 104 6928
104 82 6928
50 127 5374
127 50 5374
1 43 9972
43 1 9972
122 112 6513
112 122 6513
78 91 9249
91 78 9249
89 103 605
103 89 605
114 25 2347
25 114 2347
11 111 8774
111 11 8774
93 108 93
108 93 93
119 6 344
6 119 344
58 108 7115
108 58 7115
32 112 8595
112 32 8595
80 127 4886
127 80 4886
141 60 3809
60 141 3809
140 57 231
57 140 231
42 20 5859
20 42 5859
16 8 2484
8 16 2484
10 10 1793
10 10 1793
71 88 1036
88 71 1036
99 41 7302
41 99 7302
78 58 5807
58 78 5807
89 105 4921
105 89 4921
94 10 5326
10 94 5326
82 15 1580
15 82 1580
107 13 3648
13 107 3648
47 68 2636
68 47 2636
111 125 6430
125 111 6430
78 61 2817
61 78 2817
133 8 8460
8 133 8460
28 54 5173
54 28 5173
130 26 4776
26 130 4776
94 16 8148
16 94 8148
4 131 7998
131 4 7998
135 97 4269
97 135 4269
114 137 4451
137 114 4451
79 141 8121
141 79 8121
55 41 8471
41 55 8471
131 62 3549
62 131 3549
57 49 3781
49 57 3781
103 129 2618
129 103 2618
110 109 907
109 110 907
128 77 8993
77 128 8993
2 2 4493
2 2 4493
24 58 7076
58 24 7076
133 106 9848
106 133 9848
127 62 2386
62 127 2386
44 121 5299
121 44 5299
125 15 3304
15 125 3304
3 124 9600
124 3 9600
136 128 521
128 136 521
9 24 9332
24 9 9332
86 40 1547
40 86 1547
93 120 3352
120 93 3352
142 133 3596
133 142 3596
107 39 5866
39 107 5866
121 100 2409
100 121 2409
105 111 2022
111 105 2022
105 105 9913
105 105 9913
119 92 5220
92 119 5220
125 123 5299
123 125 5299
23 135 3743
135 23 3743
126 51 8145
51 126 8145
66 127 9452
127 66 9452
39 54 6918
54 39 6918
50 7 5811
7 50 5811
112 119 4168
119 112 4168
61 134 7563
134 61 7563
90 81 7784
81 90 7784
45 35 9641
35 45 9641
8 96 9113
96 8 9113
134 20 822
20 134 822
106 93 7021
93 106 7021
69 86 7381
86 69 7381
33 22 6851
22 33 6851
60 45 1186
45 60 1186
99 91 3989
91 99 3989
16 143 3258
143 16 3258
55 85 7735
85 55 7735
137 57 2364
57 137 2364
1 100 3746
100 1 3746
135 58 9496
58 135 9496
96 11 7725
11 96 7725
17 14 1972
14 17 1972
126 91 8405
91 126 8405
58 109 5123
109 58 5123
52 33 7944
33 52 7944
3 10 692
10 3 692
133 5 2099
5 133 2099
2 43 4760
43 2 4760
61 52 9576
52 61 9576
106 116 7242
116 106 7242
63 105 7108
105 63 7108
142 14 1236
14 142 1236
121 132 7489
132 121 7489
2 9 9546
9 2 9546
60 39 1590
39 60 1590
135 140 9181
140 135 9181
119 97 8638
97 119 8638
80 133 9947
133 80 9947
23 46 5392
46 23 5392
52 98 2483
98 52 2483
26 26 9755
26 26 9755
134 22 4608
22 134 4608
86 123 8681
123 86 8681
73 119 7191
119 73 7191
11 121 6845
121 11 6845
52 70 4210
70 52 4210
58 28 3991
28 58 3991
31 129 7126
129 31 7126
106 101 8606
101 106 8606
49 79 4676
79 49 4676
45 106 6824
106 45 6824
105 37 2164
37 105 2164
139 53 730
53 139 730
56 116 3406
116 56 3406
127 99 9853
99 127 9853
25 66 3942
66 25 3942
118 32 7999
32 118 7999
135 12 9773
12 135 9773
58 48 6719
48 58 6719
40 130 8485
130 40 8485
105 110 8806
110 105 8806
40 19 3833
19 40 3833
133 5 5849
5 133 5849
21 50 9180
50 21 9180
40 79 3953
79 40 3953
90 88 4424
88 90 4424
92 94 3112
94 92 3112
110 34 8395
34 110 8395
120 6 55
6 120 55
116 52 7901
52 116 7901
130 6 1977
6 130 1977
14 23 6140
23 14 6140
59 89 2475
89 59 2475
39 12 408
12 39 408
138 21 6581
21 138 6581
93 88 6544
88 93 6544
21 40 6656
40 21 6656
71 24 4169
24 71 4169
83 10 5199
10 83 5199
142 57 3137
57 142 3137
43 96 7241
96 43 7241
125 53 6132
53 125 6132
85 135 1075
135 85 1075
57 4 6737
4 57 6737
115 136 3868
136 115 3868
63 63 7206
63 63 7206
88 1 5255
1 88 5255
14 71 8162
71 14 8162
24 55 2933
55 24 2933
51 52 5423
52 51 5423
78 23 1786
23 78 1786
86 99 297
99 86 297
8 73 9838
73 8 9838
75 7 2169
7 75 2169
41 93 5056
93 41 5056
72 97 9789
97 72 9789
129 52 8106
52 129 8106
14 125 4326
125 14 4326
22 32 9375
32 22 9375
57 38 1976
38 57 1976
103 6 7076
6 103 7076
79 53 8348
53 79 8348
137 138 4678
138 137 4678
138 91 3402
91 138 3402
64 29 5339
29 64 5339
46 39 8131
39 46 8131
49 77 5972
77 49 5972
15 107 5186
107 15 5186
125 140 9756
140 125 9756
47 70 2457
70 47 2457
33 29 293
29 33 293
110 54 1942
54 110 1942
116 47 4362
47 116 4362
24 118 7770
118 24 7770
28 77 5238
77 28 5238
75 58 985
58 75 985
101 55 6364
55 101 6364
56 50 9009
50 56 9009
72 125 2980
125 72 2980
130 96 2935
96 130 2935
76 43 3554
43 76 3554
53 135 3742
135 53 3742
20 98 8184
98 20 8184
44 95 7257
95 44 7257
122 103 231
103 122 231
134 87 2542
87 134 2542
95 4 5196
4 95 5196
80 125 4681
125 80 4681
113 109 2316
109 113 2316
11 88 9010
88 11 9010
134 105 7443
105 134 7443
24 19 1200
19 24 1200
37 25 1806
25 37 1806
64 119 1260
119 64 1260
127 105 5922
105 127 5922
101 140 476
140 101 476
120 78 5257
78 120 5257
26 94 4210
94 26 4210
131 53 2396
53 131 2396
61 124 1662
124 61 1662
114 138 5118
138 114 5118
135 52 6382
52 135 6382
69 104 9977
104 69 9977
87 108 5144
108 87 5144
2 61 5500
61 2 5500
133 97 8595
97 133 8595
1 104 7084
104 1 7084
81 106 529
106 81 529
52 76 3056
76 52 3056
96 64 2509
64 96 2509
129 106 3082
106 129 3082
112 12 4793
12 112 4793
129 80 8112
80 129 8112
142 105 2483
105 142 2483
107 77 5793
77 107 5793
6 111 4918
111 6 4918
93 92 7560
92 93 7560
10 35 6773
35 10 6773
50 58 806
58 50 806
18 103 5038
103 18 5038
118 85 171
85 118 171
86 49 7464
49 86 7464
94 25 1946
25 94 1946
27 138 2179
138 27 2179
4 5 7832
5 4 7832
129 85 5372
85 129 5372
142 73 9472
73 142 9472
102 100 4642
100 102 4642
104 47 2510
47 104 2510
38 97 4948
97 38 4948
45 140 7989
140 45 7989
51 101 9422
101 51 9422
3 78 1075
78 3 1075
61 86 9131
86 61 9131
126 90 5492
90 126 5492
2 82 933
82 2 933
142 17 2511
17 142 2511
74 29 3268
29 74 3268
2 4 4006
4 2 4006
75 93 8786
93 75 8786
134 46 6457
46 134 6457
11 74 6523
74 11 6523
118 58 6497
58 118 6497
67 93 3946
93 67 3946
85 92 5757
92 85 5757
36 109 9070
109 36 9070
84 56 4256
56 84 4256
141 13 4255
13 141 4255
41 12 9652
12 41 9652
2 98 37
98 2 37
26 127 1911
127 26 1911
108 19 3968
19 108 3968
124 128 1140
128 124 1140
98 114 4938
114 98 4938
133 34 8698
34 133 8698
23 6 5826
6 23 5826
7 39 3173
39 7 3173
40 106 4964
106 40 4964
79 94 9958
94 79 9958
72 100 6914
100 72 6914
99 77 7078
77 99 7078
26 20 9473
20 26 9473
126 16 5273
16 126 5273
97 75 5346
75 97 5346
133 126 4698
126 133 4698
99 10 4954
10 99 4954
18 93 2158
93 18 2158
92 18 1002
18 92 1002
22 100 8216
100 22 8216
118 130 2055
130 118 2055
30 103 5918
103 30 5918
56 70 5255
70 56 5255
121 38 7437
38 121 7437
19 9 3479
9 19 3479
131 26 8604
26 131 8604
80 56 8335
56 80 8335
36 25 1121
25 36 1121
94 9 4883
9 94 4883
129 35 617
35 129 617
53 34 2628
34 53 2628
89 138 5107
138 89 5107
35 49 1582
49 35 1582
139 30 4359
30 139 4359
4 88 7744
88 4 7744
63 61 484
61 63 484
9 96 2385
96 9 2385
69 14 8098
14 69 8098
4 93 8874
93 4 8874
46 22 5521
22 46 5521
57 125 6930
125 57 6930
100 140 1180
140 100 1180
41 79 7043
79 41 7043
60 7 8538
7 60 8538
136 15 5707
15 136 5707
7 70 5554
70 7 5554
26 21 3918
21 26 3918
13 58 856
58 13 856
135 109 1407
109 135 1407
37 139 179
139 37 179
137 35 7168
35 137 7168
94 113 9408
113 94 9408
82 48 2432
48 82 2432
32 10 2149
10 32 2149
116 71 595
71 116 595
17 71 3445
71 17 3445
21 35 5056
35 21 5056
95 18 2759
18 95 2759
56 108 2808
108 56 2808
45 40 3560
40 45 3560
64 133 2515
133 64 2515
140 36 1494
36 140 1494
132 59 7217
59 132 7217
60 136 1006
136 60 1006
74 45 5624
45 74 5624
114 117 349
117 114 349
80 50 272
50 80 272
27 71 6204
71 27 6204
26 21 2139
21 26 2139
56 27 5258
27 56 5258
32 96 5520
96 32 5520
31 53 4494
53 31 4494
26 84 8296
84 26 8296
9 5 2426
5 9 2426
113 85 7153
85 113 7153
30 81 5594
81 30 5594
107 140 2357
140 107 2357
60 127 1218
127 60 1218
90 44 1450
44 90 1450
137 85 2703
85 137 2703
77 35 995
35 77 995
28 9 5750
9 28 5750
115 49 9221
49 115 9221
92 69 204
69 92 204
97 38 5339
38 97 5339
50 117 6052
117 50 6052
74 45 7360
45 74 7360
31 66 6905
66 31 6905
118 87 86
87 118 86
11 120 5329
120 11 5329
44 78 2693
78 44 2693
52 9 7032
9 52 7032
29 87 8927
87 29 8927
137 130 9457
130 137 9457
64 83 7474
83 64 7474
123 102 928
102 123 928
115 9 7983
9 115 7983
42 37 7527
37 42 7527
49 19 1893
19 49 1893
140 93 760
93 140 760
117 127 9974
127 117 9974
54 61 2863
61 54 2863
65 10 4944
10 65 4944
43 61 3874
61 43 3874
97 78 9471
78 97 9471
126 59 1073
59 126 1073
32 109 1155
109 32 1155
21 142 9720
142 21 9720
2 16 2194
16 2 2194
136 12 8139
12 136 8139
29 9 356
9 29 356
40 119 9532
119 40 9532
12 45 1980
45 12 1980
115 29 3794
29 115 3794
31 24 3497
24 31 3497
85 41 9828
41 85 9828
14 19 156
19 14 156
81 49 4548
49 81 4548
87 43 4121
43 87 4121
33 26 7182
26 33 7182
60 109 8283
109 60 8283
30 88 4753
88 30 4753
140 91 3785
91 140 3785
99 75 5152
75 99 5152
73 141 6618
141 73 6618
83 93 5676
93 83 5676
37 75 8985
75 37 8985
128 16 325
16 128 325
88 41 3441
41 88 3441
91 21 7716
21 91 7716
52 141 3419
141 52 3419
20 138 7313
138 20 7313
11 70 5251
70 11 5251
1 105 299
105 1 299
79 57 3717
57 79 3717
52 21 6561
21 52 6561
61 130 8731
130 61 8731
25 117 6305
117 25 6305
70 121 7201
121 70 7201
24 71 3731
71 24 3731
74 129 7267
129 74 7267
6 43 7186
43 6 7186
87 141 7254
141 87 7254
43 18 2722
18 43 2722
7 122 5994
122 7 5994
103 142 2830
142 103 2830
55 4 9762
4 55 9762
7 3 4823
3 7 4823
101 108 8271
108 101 8271
95 105 8251
105 95 8251
36 110 7596
110 36 7596
70 82 4968
82 70 4968
39 136 4044
136 39 4044
26 94 3209
94 26 3209
119 46 1998
46 119 1998
15 48 8684
48 15 8684
60 98 5930
98 60 5930
138 62 1954
62 138 1954
8 24 3086
24 8 3086
87 56 9450
56 87 9450
135 123 788
123 135 788
88 58 5880
58 88 5880
71 104 4319
104 71 4319
92 105 7472
105 92 7472
70 116 1934
116 70 1934
93 93 4025
93 93 4025
62 140 1507
140 62 1507
2 133 543
133 2 543
67 48 8834
48 67 8834
36 22 20
22 36 20
101 105 1415
105 101 1415
67 139 3863
139 67 3863
140 123 4809
123 140 4809
80 94 7527
94 80 7527
125 46 1901
46 125 1901
134 141 746
141 134 746
101 138 3018
138 101 3018
54 24 7747
24 54 7747
29 73 4989
73 29 4989
90 75 6587
75 90 6587
98 42 4634
42 98 4634
43 31 5226
31 43 5226
83 71 1112
71 83 1112
91 65 6777
65 91 6777
139 34 2065
34 139 2065
41 63 6471
63 41 6471
95 24 6724
24 95 6724
80 110 8237
110 80 8237
59 17 5836
17 59 5836
115 65 8830
65 115 8830
116 131 7119
131 116 7119
44 85 7791
85 44 7791
31 111 4333
111 31 4333
100 49 8653
49 100 8653
96 65 8470
65 96 8470
125 27 2950
27 125 2950
71 7 7159
7 71 7159
16 6 6827
6 16 6827
79 40 7878
40 79 7878
139 55 110
55 139 110
11 73 2977
73 11 2977
92 127 337
127 92 337
80 47 3307
47 80 3307
74 23 1024
23 74 1024
96 114 1752
114 96 1752
2 57 8894
57 2 8894
141 27 4254
27 141 4254
66 47 3034
47 66 3034
27 61 583
61 27 583
31 142 3468
142 31 3468
8 142 4233
142 8 4233
89 124 5737
124 89 5737
136 2 2590
2 136 2590
17 56 2225
56 17 2225
99 137 206
137 99 206
12 48 6149
48 12 6149
80 139 4391
139 80 4391
12 17 8277
17 12 8277
54 107 7353
107 54 7353
123 10 7668
10 123 7668
55 66 1971
66 55 1971
27 105 5966
105 27 5966
79 122 8569
122 79 8569
110 96 1390
96 110 1390
85 22 8536
22 85 8536
98 54 2527
54 98 2527
84 63 4321
63 84 4321
126 111 5590
111 126 5590
112 78 1395
78 112 1395
129 34 1691
34 129 1691
53 8 6692
8 53 6692
97 20 7556
20 97 7556
105 134 4481
134 105 4481
22 100 1422
100 22 1422
14 26 267
26 14 267
101 19 5313
19 101 5313
24 50 2322
50 24 2322
67 12 7567
12 67 7567
125 92 7098
92 125 7098
4 44 518
44 4 518
48 98 1385
98 48 1385
3 54 9082
54 3 9082
15 70 7392
70 15 7392
97 131 748
131 97 748
115 51 5999
51 115 5999
117 91 4965
91 117 4965
101 136 7441
136 101 7441
40 31 7111
31 40 7111
128 19 8239
19 128 8239
129 98 3741
98 129 3741
93 137 5382
137 93 5382
78 22 7930
22 78 7930
129 27 7502
27 129 7502
9 92 8316
92 9 8316
42 89 1158
89 42 1158
72 52 7763
52 72 7763
122 138 8460
138 122 8460
95 57 5936
57 95 5936
73 66 8359
66 73 8359
52 44 1395
44 52 1395
19 8 956
8 19 956
125 8 824
8 125 824
6 39 1408
39 6 1408
120 29 4080
29 120 4080
28 120 5705
120 28 5705
118 8 257
8 118 257
52 9 6380
9 52 6380
42 68 9483
68 42 9483
