104 144
56 67 1328
67 56 1328
43 13 1528
13 43 1528
81 92 7703
92 81 7703
41 45 1128
45 41 1128
72 26 3794
26 72 3794
104 69 1884
69 104 1884
101 34 8210
34 101 8210
51 87 9905
87 51 9905
56 62 9941
62 56 9941
4 79 7493
79 4 7493
38 87 352
87 38 352
83 55 471
55 83 471
42 86 409
86 42 409
59 93 5113
93 59 5113
26 18 1060
18 26 1060
45 73 9570
73 45 9570
99 28 4669
28 99 4669
21 74 5065
74 21 5065
32 37 2385
37 32 2385
86 78 9843
78 86 9843
14 50 7965
50 14 7965
26 102 3148
102 26 3148
89 68 1966
68 89 1966
54 33 2219
33 54 2219
1 97 1118
97 1 1118
30 43 5106
43 30 5106
50 97 5940
97 50 5940
15 37 4854
37 15 4854
23 42 833
42 23 833
99 53 3057
53 99 3057
73 103 7368
103 73 7368
70 73 5476
73 70 5476
51 46 9518
46 51 9518
65 38 2640
38 65 2640
89 71 8152
71 89 8152
9 41 1839
41 9 1839
72 45 9025
45 72 9025
36 12 4911
12 36 4911
80 11 8985
11 80 8985
56 94 9200
94 56 9200
3 63 2859
63 3 2859
85 45 7676
45 85 7676
64 30 5150
30 64 5150
18 79 6366
79 18 6366
38 70 4263
70 38 4263
26 62 8378
62 26 8378
84 18 1781
18 84 1781
70 49 2999
49 70 2999
75 79 8098
79 75 8098
15 39 6562
39 15 6562
103 76 562
76 103 562
45 38 2342
38 45 2342
66 38 7335
38 66 7335
38 100 7672
100 38 7672
47 46 4018
46 47 4018
43 35 7646
35 43 7646
63 104 870
104 63 870
90 101 3762
101 90 3762
55 16 7282
16 55 7282
41 59 3793
59 41 3793
39 95 8655
95 39 8655
102 39 1075
39 102 1075
82 13 5128
13 82 5128
15 24 8763
24 15 8763
53 83 8414
83 53 8414
50 76 6977
76 50 6977
65 83 9062
83 65 9062
4 4 8026
4 4 8026
103 69 9346
69 103 9346
58 74 3313
74 58 3313
21 4 2925
4 21 2925
65 29 1682
29 65 1682
