248 74332
156 104 4972
104 156 4972
22 172 1011
172 22 1011
224 15 718
15 224 718
30 43 3240
43 30 3240
238 26 697
26 238 697
79 157 5380
157 79 5380
240 239 7538
239 240 7538
9 114 5888
114 9 5888
97 21 8033
21 97 8033
190 160 3926
160 190 3926
103 1 2917
1 103 2917
13 90 6722
90 13 6722
195 96 3112
96 195 3112
203 191 7935
191 203 7935
200 143 929
143 200 929
208 52 8375
52 208 8375
194 106 2146
106 194 2146
102 243 1862
243 102 1862
222 60 6831
60 222 6831
91 214 5502
214 91 5502
14 140 7160
140 14 7160
178 34 1714
34 178 1714
126 199 9446
199 126 9446
41 167 5259
167 41 5259
120 238 2877
238 120 2877
19 40 5156
40 19 5156
33 66 1398
66 33 1398
243 239 6098
239 243 6098
189 162 6456
162 189 6456
170 240 6448
240 170 6448
219 51 9986
51 219 9986
206 127 7135
127 206 7135
80 118 4271
118 80 4271
139 100 5762
100 139 5762
246 19 3314
19 246 3314
191 182 4896
182 191 4896
199 56 9846
56 199 9846
29 181 3515
181 29 3515
96 152 9280
152 96 9280
16 240 2286
240 16 2286
198 132 8517
132 198 8517
242 139 5179
139 242 5179
9 146 2610
146 9 2610
143 33 9013
33 143 9013
135 48 5366
48 135 5366
77 17 968
17 77 968
239 4 7527
4 239 7527
197 126 7783
126 197 7783
66 83 9659
83 66 9659
90 42 9136
42 90 9136
147 240 8270
240 147 8270
13 126 9637
126 13 9637
19 174 9267
174 19 9267
224 85 5289
85 224 5289
243 71 1662
71 243 1662
141 40 1904
40 141 1904
106 18 1898
18 106 1898
215 50 376
50 215 376
28 225 2484
225 28 2484
159 117 6990
117 159 6990
179 93 3116
93 179 3116
57 22 3620
22 57 3620
40 223 3211
223 40 3211
141 48 3083
48 141 3083
87 244 4046
244 87 4046
15 87 8012
87 15 8012
156 28 5343
28 156 5343
195 130 2660
130 195 2660
240 41 726
41 240 726
129 56 4945
56 129 4945
115 40 6758
40 115 6758
196 38 1643
38 196 1643
179 55 3075
55 179 3075
230 147 5528
147 230 5528
86 176 2731
176 86 2731
60 10 5997
10 60 5997
169 95 6448
95 169 6448
114 231 5103
231 114 5103
39 16 6351
16 39 6351
245 119 1477
119 245 1477
80 168 8316
168 80 8316
215 177 2723
177 215 2723
87 242 3583
242 87 3583
100 179 9359
179 100 9359
70 118 7884
118 70 7884
238 245 9055
245 238 9055
98 157 5495
157 98 5495
51 192 8087
192 51 8087
86 21 4784
21 86 4784
188 151 8906
151 188 8906
38 203 8584
203 38 8584
172 82 1511
82 172 1511
75 18 2933
18 75 2933
181 85 8542
85 181 8542
10 213 9964
213 10 9964
94 198 450
198 94 450
156 97 9692
97 156 9692
188 92 9617
92 188 9617
184 143 8321
143 184 8321
193 9 6492
9 193 6492
20 212 1742
212 20 1742
239 183 3603
183 239 3603
89 88 1812
88 89 1812
94 153 1341
153 94 1341
2 64 9491
64 2 9491
126 118 4287
118 126 4287
197 35 3500
35 197 3500
96 14 9688
14 96 9688
3 9 6480
9 3 6480
191 175 6542
175 191 6542
47 236 4955
236 47 4955
43 118 4247
118 43 4247
78 164 9311
164 78 9311
28 237 6503
237 28 6503
118 98 6202
98 118 6202
227 97 8010
97 227 8010
191 186 4446
186 191 4446
184 50 7426
50 184 7426
72 52 6623
52 72 6623
227 50 7647
50 227 7647
103 86 5965
86 103 5965
183 184 2070
184 183 2070
137 223 6230
223 137 6230
237 224 6551
224 237 6551
219 157 1545
157 219 1545
18 32 4871
32 18 4871
60 198 1492
198 60 1492
182 185 7122
185 182 7122
113 32 3151
32 113 3151
167 174 2672
174 167 2672
158 178 9297
178 158 9297
118 85 4255
85 118 4255
30 199 1938
199 30 1938
140 41 464
41 140 464
151 41 745
41 151 745
151 236 545
236 151 545
77 176 6062
176 77 6062
90 177 3359
177 90 3359
186 8 8219
8 186 8219
242 174 9668
174 242 9668
136 49 7609
49 136 7609
9 146 9391
146 9 9391
121 31 6542
31 121 6542
25 93 9201
93 25 9201
9 163 8461
163 9 8461
242 68 56
68 242 56
34 238 7227
238 34 7227
70 143 421
143 70 421
5 165 3499
165 5 3499
1 202 7110
202 1 7110
137 37 1652
37 137 1652
4 90 2157
90 4 2157
184 239 9862
239 184 9862
124 85 838
85 124 838
8 183 4009
183 8 4009
220 78 9151
78 220 9151
141 65 233
65 141 233
32 55 7802
55 32 7802
4 148 238
148 4 238
126 231 9826
231 126 9826
2 77 842
77 2 842
241 68 7102
68 241 7102
197 42 8942
42 197 8942
96 160 3207
160 96 3207
67 227 6036
227 67 6036
60 186 2550
186 60 2550
36 206 6274
206 36 6274
65 69 3586
69 65 3586
133 246 2251
246 133 2251
70 56 7767
56 70 7767
93 120 4435
120 93 4435
73 121 3443
121 73 3443
12 129 970
129 12 970
153 67 2782
67 153 2782
130 149 6443
149 130 6443
164 126 2249
126 164 2249
32 100 5144
100 32 5144
206 114 9123
114 206 9123
94 153 1323
153 94 1323
142 153 6009
153 142 6009
88 159 2082
159 88 2082
209 106 0
106 209 0
63 85 4629
85 63 4629
116 188 3060
188 116 3060
209 160 8589
160 209 8589
228 229 4246
229 228 4246
139 141 5745
141 139 5745
42 230 4905
230 42 4905
188 7 5602
7 188 5602
190 69 2224
69 190 2224
116 121 4817
121 116 4817
89 104 2003
104 89 2003
182 123 4810
123 182 4810
83 179 39
179 83 39
151 112 3931
112 151 3931
230 175 6669
175 230 6669
45 242 2815
242 45 2815
86 247 4236
247 86 4236
2 237 8007
237 2 8007
191 190 9353
190 191 9353
93 185 362
185 93 362
91 29 9944
29 91 9944
16 109 9598
109 16 9598
244 216 3753
216 244 3753
11 227 732
227 11 732
33 127 4005
127 33 4005
121 54 4473
54 121 4473
109 32 8939
32 109 8939
78 199 9226
199 78 9226
28 111 9063
111 28 9063
44 184 1766
184 44 1766
168 97 3181
97 168 3181
5 242 8112
242 5 8112
55 102 7020
102 55 7020
130 89 6488
89 130 6488
136 44 2015
44 136 2015
80 198 9427
198 80 9427
95 220 3436
220 95 3436
25 118 6791
118 25 6791
210 70 1514
70 210 1514
99 210 5981
210 99 5981
27 146 6607
146 27 6607
43 70 9382
70 43 9382
158 215 1150
215 158 1150
177 128 3401
128 177 3401
166 234 5554
234 166 5554
53 143 5036
143 53 5036
39 90 614
90 39 614
46 80 2476
80 46 2476
36 231 598
231 36 598
2 127 2431
127 2 2431
126 64 2540
64 126 2540
158 114 2371
114 158 2371
48 243 663
243 48 663
8 121 8149
121 8 8149
129 235 5792
235 129 5792
81 106 4539
106 81 4539
217 106 5001
106 217 5001
79 135 1447
135 79 1447
227 41 8591
41 227 8591
173 123 7985
123 173 7985
209 188 2277
188 209 2277
217 148 1231
148 217 1231
221 51 356
51 221 356
103 244 2824
244 103 2824
215 46 1332
46 215 1332
210 168 2035
168 210 2035
93 144 6044
144 93 6044
145 123 8821
123 145 8821
170 242 1566
242 170 1566
234 232 187
232 234 187
222 1 4457
1 222 4457
108 54 8294
54 108 8294
197 154 300
154 197 300
216 224 164
224 216 164
113 73 4924
73 113 4924
28 171 2599
171 28 2599
57 151 3002
151 57 3002
70 177 4659
177 70 4659
80 37 7693
37 80 7693
230 95 176
95 230 176
219 39 6733
39 219 6733
164 187 7505
187 164 7505
54 124 7599
124 54 7599
186 102 2982
102 186 2982
151 128 5898
128 151 5898
34 154 2855
154 34 2855
214 63 9264
63 214 9264
37 214 4325
214 37 4325
221 177 5741
177 221 5741
208 163 3972
163 208 3972
234 74 8273
74 234 8273
51 95 8267
95 51 8267
106 238 4178
238 106 4178
47 30 3974
30 47 3974
195 83 2528
83 195 2528
67 201 8002
201 67 8002
127 129 8052
129 127 8052
210 114 5232
114 210 5232
7 193 333
193 7 333
30 219 2306
219 30 2306
33 4 112
4 33 112
244 200 3409
200 244 3409
96 215 1098
215 96 1098
178 216 9115
216 178 9115
186 28 3733
28 186 3733
166 104 4135
104 166 4135
207 226 6330
226 207 6330
113 133 5097
133 113 5097
54 87 8098
87 54 8098
162 77 5437
77 162 5437
197 241 8642
241 197 8642
173 4 7457
4 173 7457
87 58 6709
58 87 6709
37 197 4498
197 37 4498
205 177 9338
177 205 9338
99 186 8131
186 99 8131
40 67 9670
67 40 9670
136 217 8774
217 136 8774
31 160 4269
160 31 4269
80 7 6586
7 80 6586
130 135 5370
135 130 5370
227 167 7609
167 227 7609
147 19 971
19 147 971
5 18 9400
18 5 9400
13 202 2067
202 13 2067
238 211 8316
211 238 8316
225 43 1280
43 225 1280
201 72 1042
72 201 1042
74 8 1439
8 74 1439
126 55 5522
55 126 5522
207 175 6518
175 207 6518
96 10 3141
10 96 3141
95 37 2331
37 95 2331
53 198 6548
198 53 6548
88 216 2620
216 88 2620
165 222 5641
222 165 5641
89 221 8454
221 89 8454
17 201 943
201 17 943
174 158 9711
158 174 9711
105 227 8962
227 105 8962
134 71 8882
71 134 8882
196 230 6417
230 196 6417
1 147 7352
147 1 7352
115 179 6486
179 115 6486
79 38 2624
38 79 2624
49 192 7074
192 49 7074
52 52 2814
52 52 2814
30 25 316
25 30 316
103 156 573
156 103 573
163 112 1003
112 163 1003
67 225 5155
225 67 5155
188 125 6924
125 188 6924
16 221 7175
221 16 7175
123 157 3322
157 123 3322
25 222 7699
222 25 7699
154 103 4252
103 154 4252
38 120 2327
120 38 2327
157 65 1015
65 157 1015
169 83 2578
83 169 2578
106 174 6557
174 106 6557
238 15 9626
15 238 9626
168 121 6794
121 168 6794
111 241 3329
241 111 3329
197 66 9278
66 197 9278
42 152 5955
152 42 5955
130 1 1070
1 130 1070
4 191 9438
191 4 9438
149 141 8861
141 149 8861
59 106 1007
106 59 1007
133 76 444
76 133 444
106 155 3438
155 106 3438
240 246 1989
246 240 1989
101 156 3108
156 101 3108
187 46 1906
46 187 1906
248 145 1473
145 248 1473
169 151 1039
151 169 1039
19 79 6041
79 19 6041
138 151 628
151 138 628
213 58 9400
58 213 9400
168 227 1723
227 168 1723
197 98 5405
98 197 5405
199 6 1515
6 199 1515
86 52 2252
52 86 2252
113 122 5821
122 113 5821
211 148 8370
148 211 8370
213 148 317
148 213 317
197 39 9227
39 197 9227
205 228 8851
228 205 8851
4 125 3789
125 4 3789
183 135 2760
135 183 2760
186 20 7608
20 186 7608
28 239 2265
239 28 2265
169 187 7459
187 169 7459
243 18 9679
18 243 9679
113 94 8265
94 113 8265
205 74 1453
74 205 1453
139 248 1192
248 139 1192
16 112 3720
112 16 3720
136 34 1507
34 136 1507
159 52 431
52 159 431
81 32 9707
32 81 9707
205 195 1216
195 205 1216
136 226 4121
226 136 4121
57 8 7858
8 57 7858
143 129 7239
129 143 7239
133 71 6878
71 133 6878
197 107 391
107 197 391
112 97 3582
97 112 3582
167 73 4352
73 167 4352
170 173 3402
173 170 3402
87 175 1063
175 87 1063
154 221 2096
221 154 2096
50 3 8624
3 50 8624
162 178 7449
178 162 7449
234 204 6513
204 234 6513
149 48 4239
48 149 4239
158 196 408
196 158 408
236 7 6037
7 236 6037
175 153 2741
153 175 2741
224 67 2155
67 224 2155
109 204 7888
204 109 7888
218 214 3365
214 218 3365
26 78 7263
78 26 7263
196 40 3642
40 196 3642
243 71 900
71 243 900
151 238 7935
238 151 7935
184 238 1083
238 184 1083
173 171 3626
171 173 3626
198 86 4279
86 198 4279
130 63 8078
63 130 8078
199 118 2923
118 199 2923
222 114 1127
114 222 1127
153 248 9085
248 153 9085
18 65 8092
65 18 8092
141 39 9122
39 141 9122
229 210 2233
210 229 2233
39 116 8547
116 39 8547
180 144 5614
144 180 5614
123 68 4881
68 123 4881
224 62 6289
62 224 6289
84 147 6052
147 84 6052
50 15 3057
15 50 3057
108 195 23
195 108 23
202 41 2230
41 202 2230
196 184 5258
184 196 5258
31 68 1113
68 31 1113
32 116 5261
116 32 5261
199 128 9708
128 199 9708
222 61 4744
61 222 4744
155 47 6007
47 155 6007
109 153 3763
153 109 3763
22 66 8204
66 22 8204
54 103 5007
103 54 5007
173 90 5990
90 173 5990
131 135 4274
135 131 4274
124 161 4093
161 124 4093
4 204 6521
204 4 6521
221 177 963
177 221 963
168 127 507
127 168 507
195 104 6768
104 195 6768
154 201 8641
201 154 8641
3 110 2881
110 3 2881
4 52 2383
52 4 2383
187 130 2723
130 187 2723
85 24 4399
24 85 4399
152 171 3418
171 152 3418
208 75 4219
75 208 4219
26 79 6867
79 26 6867
186 106 6721
106 186 6721
81 236 1887
236 81 1887
136 167 5285
167 136 5285
237 221 3868
221 237 3868
18 229 3920
229 18 3920
240 3 3448
3 240 3448
58 193 7064
193 58 7064
240 194 6932
194 240 6932
58 159 6343
159 58 6343
50 98 7808
98 50 7808
66 86 7182
86 66 7182
181 161 4744
161 181 4744
65 212 256
212 65 256
120 184 9901
184 120 9901
102 115 77
115 102 77
105 23 5099
23 105 5099
237 109 5920
109 237 5920
3 245 1567
245 3 1567
183 170 1959
170 183 1959
169 52 1987
52 169 1987
27 218 5265
218 27 5265
126 31 1465
31 126 1465
84 222 2151
222 84 2151
9 77 385
77 9 385
200 213 2368
213 200 2368
234 218 1908
218 234 1908
213 7 5963
7 213 5963
65 240 7526
240 65 7526
134 170 1721
170 134 1721
179 112 728
112 179 728
80 229 7930
229 80 7930
212 188 8099
188 212 8099
148 126 3577
126 148 3577
96 194 1430
194 96 1430
225 54 8411
54 225 8411
64 58 1660
58 64 1660
76 204 9302
204 76 9302
100 20 8732
20 100 8732
135 183 6102
183 135 6102
55 97 7005
97 55 7005
43 153 3819
153 43 3819
142 128 1468
128 142 1468
114 73 1941
73 114 1941
129 25 4785
25 129 4785
121 151 9074
151 121 9074
143 82 4380
82 143 4380
92 203 764
203 92 764
177 234 7755
234 177 7755
120 217 1651
217 120 1651
79 214 1018
214 79 1018
132 228 7365
228 132 7365
79 8 9993
8 79 9993
209 164 16
164 209 16
93 100 7945
100 93 7945
78 190 9519
190 78 9519
58 175 5219
175 58 5219
232 6 4656
6 232 4656
53 16 7726
16 53 7726
148 4 7752
4 148 7752
87 163 1310
163 87 1310
240 207 1676
207 240 1676
216 225 1402
225 216 1402
69 107 9339
107 69 9339
50 18 3186
18 50 3186
181 153 3344
153 181 3344
49 141 737
141 49 737
48 70 2284
70 48 2284
206 61 9228
61 206 9228
86 224 7934
224 86 7934
172 146 1898
146 172 1898
63 195 3352
195 63 3352
9 150 3718
150 9 3718
199 160 8350
160 199 8350
223 71 674
71 223 674
131 162 770
162 131 770
212 46 1869
46 212 1869
224 111 7153
111 224 7153
97 99 2662
99 97 2662
229 89 4587
89 229 4587
50 247 4229
247 50 4229
53 97 4651
97 53 4651
228 44 7953
44 228 7953
142 29 7408
29 142 7408
111 127 2834
127 111 2834
145 246 2578
246 145 2578
132 77 2808
77 132 2808
53 176 2593
176 53 2593
161 26 9085
26 161 9085
31 67 1367
67 31 1367
160 27 2209
27 160 2209
17 88 5546
88 17 5546
19 140 1858
140 19 1858
206 171 8310
171 206 8310
40 197 8955
197 40 8955
231 9 7663
9 231 7663
113 219 6749
219 113 6749
145 111 3893
111 145 3893
40 189 7998
189 40 7998
120 97 8257
97 120 8257
51 104 3765
104 51 3765
213 164 909
164 213 909
98 85 3865
85 98 3865
203 75 1334
75 203 1334
138 187 5852
187 138 5852
192 80 2039
80 192 2039
166 134 7000
134 166 7000
43 138 7070
138 43 7070
196 116 5183
116 196 5183
215 203 2027
203 215 2027
25 241 8868
241 25 8868
158 107 6244
107 158 6244
131 5 5741
5 131 5741
162 13 675
13 162 675
210 3 2295
3 210 2295
155 142 4323
142 155 4323
141 208 3718
208 141 3718
89 174 463
174 89 463
133 74 5883
74 133 5883
224 233 9297
233 224 9297
225 29 871
29 225 871
4 245 4210
245 4 4210
60 53 6627
53 60 6627
169 79 8863
79 169 8863
198 19 2529
19 198 2529
9 70 2299
70 9 2299
185 196 9032
196 185 9032
70 118 1251
118 70 1251
208 169 6547
169 208 6547
25 234 7941
234 25 7941
18 229 1989
229 18 1989
23 236 9279
236 23 9279
22 240 1483
240 22 1483
96 226 9592
226 96 9592
210 64 6557
64 210 6557
93 106 9512
106 93 9512
229 227 1170
227 229 1170
16 245 1498
245 16 1498
112 177 3336
177 112 3336
210 130 4583
130 210 4583
97 205 2342
205 97 2342
196 158 3448
158 196 3448
164 191 8685
191 164 8685
68 78 9532
78 68 9532
236 120 3962
120 236 3962
107 156 1660
156 107 1660
216 30 8879
30 216 8879
226 57 1769
57 226 1769
177 114 5111
114 177 5111
193 207 9232
207 193 9232
127 186 7635
186 127 7635
114 186 9420
186 114 9420
76 87 6387
87 76 6387
163 79 6997
79 163 6997
84 72 4726
72 84 4726
246 46 578
46 246 578
191 109 6073
109 191 6073
86 90 9776
90 86 9776
123 240 81
240 123 81
161 167 9096
167 161 9096
223 52 1591
52 223 1591
142 130 8815
130 142 8815
22 143 1132
143 22 1132
199 212 1777
212 199 1777
188 38 3615
38 188 3615
152 139 1949
139 152 1949
21 55 9079
55 21 9079
176 137 2004
137 176 2004
21 35 9091
35 21 9091
86 99 2676
99 86 2676
96 73 3345
73 96 3345
23 182 5994
182 23 5994
72 17 4127
17 72 4127
118 130 3167
130 118 3167
226 46 4299
46 226 4299
40 14 9013
14 40 9013
106 44 5178
44 106 5178
118 95 5720
95 118 5720
170 15 5103
15 170 5103
160 123 9293
123 160 9293
65 211 5830
211 65 5830
192 241 6783
241 192 6783
186 232 1270
232 186 1270
197 240 2592
240 197 2592
223 8 6268
8 223 6268
187 165 6921
165 187 6921
51 23 380
23 51 380
167 113 9943
113 167 9943
176 161 6974
161 176 6974
127 68 3590
68 127 3590
157 90 131
90 157 131
37 78 8970
78 37 8970
247 223 3134
223 247 3134
13 222 3183
222 13 3183
209 210 4018
210 209 4018
192 205 2924
205 192 2924
93 4 4584
4 93 4584
110 58 369
58 110 369
13 137 8788
137 13 8788
1 84 2171
84 1 2171
84 169 104
169 84 104
18 138 3959
138 18 3959
199 234 2896
234 199 2896
167 240 928
240 167 928
175 197 2354
197 175 2354
110 162 417
162 110 417
98 139 5254
139 98 5254
17 84 3489
84 17 3489
7 227 1382
227 7 1382
172 194 7333
194 172 7333
176 93 4148
93 176 4148
71 192 4873
192 71 4873
46 34 9660
34 46 9660
208 155 7663
155 208 7663
243 103 2410
103 243 2410
167 115 3679
115 167 3679
196 180 6416
180 196 6416
5 195 5664
195 5 5664
13 1 155
1 13 155
221 218 5248
218 221 5248
202 75 1883
75 202 1883
131 137 2597
137 131 2597
164 147 9623
147 164 9623
112 212 449
212 112 449
154 132 1437
132 154 1437
71 247 4037
247 71 4037
161 185 33
185 161 33
231 115 3049
115 231 3049
42 169 5741
169 42 5741
221 198 824
198 221 824
15 82 8225
82 15 8225
222 66 1011
66 222 1011
70 218 5793
218 70 5793
207 184 6162
184 207 6162
49 98 6656
98 49 6656
58 225 8205
225 58 8205
235 110 405
110 235 405
194 179 4151
179 194 4151
67 247 2106
247 67 2106
247 52 2662
52 247 2662
40 155 1037
155 40 1037
91 162 786
162 91 786
174 32 7018
32 174 7018
117 195 3003
195 117 3003
222 246 9097
246 222 9097
62 209 5179
209 62 5179
1 214 7317
214 1 7317
102 25 2111
25 102 2111
8 34 3531
34 8 3531
49 108 3363
108 49 3363
107 245 6352
245 107 6352
210 46 9144
46 210 9144
74 140 557
140 74 557
90 69 7441
69 90 7441
201 185 3135
185 201 3135
167 23 1152
23 167 1152
217 158 1731
158 217 1731
72 129 5084
129 72 5084
59 22 775
22 59 775
56 68 4501
68 56 4501
28 231 2939
231 28 2939
221 174 9151
174 221 9151
125 37 8384
37 125 8384
150 57 984
57 150 984
151 115 6098
115 151 6098
191 61 8361
61 191 8361
115 162 6934
162 115 6934
44 235 3542
235 44 3542
79 51 9712
51 79 9712
21 110 2703
110 21 2703
87 10 1776
10 87 1776
225 72 3410
72 225 3410
206 197 9392
197 206 9392
44 218 2618
218 44 2618
20 156 2822
156 20 2822
99 165 4335
165 99 4335
74 102 4428
102 74 4428
47 240 417
240 47 417
168 34 9231
34 168 9231
90 108 11
108 90 11
236 130 5483
130 236 5483
121 82 3777
82 121 3777
106 28 1548
28 106 1548
57 126 904
126 57 904
146 5 182
5 146 182
157 126 6144
126 157 6144
43 92 4642
92 43 4642
119 28 7092
28 119 7092
113 217 164
217 113 164
174 72 757
72 174 757
242 120 727
120 242 727
105 79 8319
79 105 8319
51 120 138
120 51 138
101 156 9796
156 101 9796
102 185 1351
185 102 1351
148 212 5442
212 148 5442
172 126 8111
126 172 8111
97 43 3376
43 97 3376
246 123 3038
123 246 3038
110 183 6381
183 110 6381
89 81 3853
81 89 3853
199 143 4316
143 199 4316
120 179 8933
179 120 8933
171 132 2475
132 171 2475
9 147 9072
147 9 9072
138 213 8314
213 138 8314
187 31 3043
31 187 3043
92 48 4491
48 92 4491
27 189 1352
189 27 1352
55 245 4442
245 55 4442
248 84 6921
84 248 6921
165 200 161
200 165 161
42 15 9831
15 42 9831
133 9 5065
9 133 5065
157 27 1989
27 157 1989
237 222 9399
222 237 9399
197 2 4918
2 197 4918
153 33 2734
33 153 2734
205 194 28
194 205 28
205 227 1710
227 205 1710
106 20 1465
20 106 1465
128 121 1767
121 128 1767
151 12 576
12 151 576
31 67 3794
67 31 3794
142 14 2447
14 142 2447
106 51 6931
51 106 6931
195 112 2874
112 195 2874
105 129 6367
129 105 6367
174 228 3821
228 174 3821
151 132 5157
132 151 5157
45 7 2640
7 45 2640
169 23 552
23 169 552
184 146 6051
146 184 6051
210 109 9507
109 210 9507
15 213 8894
213 15 8894
196 169 2059
169 196 2059
169 139 2349
139 169 2349
145 214 3945
214 145 3945
102 214 4943
214 102 4943
210 233 4397
233 210 4397
22 10 9654
10 22 9654
62 5 4141
5 62 4141
83 224 2647
224 83 2647
88 22 5465
22 88 5465
141 33 9218
33 141 9218
116 52 5250
52 116 5250
145 170 7392
170 145 7392
67 130 8110
130 67 8110
58 82 5794
82 58 5794
204 95 1257
95 204 1257
41 138 4285
138 41 4285
180 191 8291
191 180 8291
134 127 1527
127 134 1527
101 90 1613
90 101 1613
31 40 6123
40 31 6123
125 177 6838
177 125 6838
176 91 3029
91 176 3029
9 223 3372
223 9 3372
236 245 3232
245 236 3232
140 92 7032
92 140 7032
114 246 2848
246 114 2848
66 12 5345
12 66 5345
125 115 6822
115 125 6822
43 92 8452
92 43 8452
34 184 4391
184 34 4391
36 131 9131
131 36 9131
33 138 1046
138 33 1046
18 236 172
236 18 172
91 204 3498
204 91 3498
8 176 775
176 8 775
165 99 817
99 165 817
50 184 7330
184 50 7330
247 26 686
26 247 686
151 218 7675
218 151 7675
169 63 9088
63 169 9088
188 231 7758
231 188 7758
153 127 7505
127 153 7505
216 222 1858
222 216 1858
96 82 1163
82 96 1163
36 17 5277
17 36 5277
183 108 2757
108 183 2757
170 130 6749
130 170 6749
80 21 8278
21 80 8278
99 167 6703
167 99 6703
84 24 8132
24 84 8132
5 208 1685
208 5 1685
8 234 7331
234 8 7331
174 245 9007
245 174 9007
169 95 8051
95 169 8051
176 181 7657
181 176 7657
69 158 3751
158 69 3751
47 225 113
225 47 113
46 198 2193
198 46 2193
238 162 2214
162 238 2214
160 58 8972
58 160 8972
192 19 1325
19 192 1325
158 247 4885
247 158 4885
163 20 369
20 163 369
115 219 143
219 115 143
16 200 4697
200 16 4697
239 58 4486
58 239 4486
56 178 4099
178 56 4099
78 36 2131
36 78 2131
142 59 1669
59 142 1669
204 103 2962
103 204 2962
87 47 1951
47 87 1951
31 244 3172
244 31 3172
170 98 1409
98 170 1409
94 39 6541
39 94 6541
45 141 3096
141 45 3096
59 100 4556
100 59 4556
15 155 4812
155 15 4812
118 8 2294
8 118 2294
188 147 6910
147 188 6910
84 172 948
172 84 948
56 182 3771
182 56 3771
242 176 2282
176 242 2282
80 37 9143
37 80 9143
180 120 8179
120 180 8179
14 168 1839
168 14 1839
18 205 8843
205 18 8843
33 247 3990
247 33 3990
40 247 4858
247 40 4858
19 39 4642
39 19 4642
63 225 3062
225 63 3062
230 128 4526
128 230 4526
51 93 4093
93 51 4093
213 84 176
84 213 176
184 224 4977
224 184 4977
26 77 7796
77 26 7796
247 114 9621
114 247 9621
228 12 3462
12 228 3462
214 129 9916
129 214 9916
179 64 5907
64 179 5907
231 247 6493
247 231 6493
211 50 5037
50 211 5037
197 10 2399
10 197 2399
101 13 6276
13 101 6276
88 131 9585
131 88 9585
23 159 6482
159 23 6482
92 39 1178
39 92 1178
54 184 4995
184 54 4995
43 36 9217
36 43 9217
25 177 2737
177 25 2737
3 176 9015
176 3 9015
53 145 3534
145 53 3534
21 120 8361
120 21 8361
193 114 5847
114 193 5847
221 247 5949
247 221 5949
164 130 7271
130 164 7271
22 122 7814
122 22 7814
55 201 6010
201 55 6010
85 114 7101
114 85 7101
143 36 1733
36 143 1733
84 59 3830
59 84 3830
155 204 9344
204 155 9344
84 156 9777
156 84 9777
14 33 7643
33 14 7643
65 65 9605
65 65 9605
192 154 2267
154 192 2267
105 192 7176
192 105 7176
211 218 1440
218 211 1440
117 5 4969
5 117 4969
141 225 8104
225 141 8104
169 133 2149
133 169 2149
67 32 6025
32 67 6025
46 116 568
116 46 568
82 36 3229
36 82 3229
156 189 7862
189 156 7862
43 21 6255
21 43 6255
171 226 9061
226 171 9061
12 103 91
103 12 91
247 207 8197
207 247 8197
177 20 2652
20 177 2652
68 220 9218
220 68 9218
132 122 8739
122 132 8739
42 94 6294
94 42 6294
189 221 7459
221 189 7459
244 222 3048
222 244 3048
57 4 1989
4 57 1989
27 88 9213
88 27 9213
63 47 184
47 63 184
141 103 7393
103 141 7393
88 10 5960
10 88 5960
111 2 9720
2 111 9720
160 178 4121
178 160 4121
16 26 2359
26 16 2359
95 10 719
10 95 719
24 167 1329
167 24 1329
1 208 7372
208 1 7372
91 121 6423
121 91 6423
46 238 3082
238 46 3082
156 152 4990
152 156 4990
132 108 6529
108 132 6529
14 164 3436
164 14 3436
22 219 1774
219 22 1774
116 28 5472
28 116 5472
159 96 2101
96 159 2101
27 113 4866
113 27 4866
120 159 6259
159 120 6259
98 243 3661
243 98 3661
114 173 8187
173 114 8187
58 211 7715
211 58 7715
69 142 2625
142 69 2625
181 151 2
151 181 2
101 14 7
14 101 7
108 49 6923
49 108 6923
21 137 9423
137 21 9423
58 32 5458
32 58 5458
71 31 9731
31 71 9731
242 104 6081
104 242 6081
114 246 5260
246 114 5260
179 163 1756
163 179 1756
166 3 3419
3 166 3419
178 139 5712
139 178 5712
15 7 8476
7 15 8476
175 82 1079
82 175 1079
26 5 7747
5 26 7747
69 45 6333
45 69 6333
84 189 8309
189 84 8309
167 88 3582
88 167 3582
220 186 4515
186 220 4515
22 144 7432
144 22 7432
58 58 3515
58 58 3515
89 68 9002
68 89 9002
151 193 9634
193 151 9634
235 158 3192
158 235 3192
71 198 4159
198 71 4159
202 157 5489
157 202 5489
18 139 8575
139 18 8575
139 166 5554
166 139 5554
124 166 1801
166 124 1801
247 128 81
128 247 81
99 50 2324
50 99 2324
83 192 5713
192 83 5713
122 150 384
150 122 384
162 38 9184
38 162 9184
245 2 3015
2 245 3015
7 230 6514
230 7 6514
191 143 2096
143 191 2096
210 238 4015
238 210 4015
31 106 4618
106 31 4618
248 65 654
65 248 654
175 214 9040
214 175 9040
228 215 2566
215 228 2566
182 115 7004
115 182 7004
184 248 4006
248 184 4006
190 127 9642
127 190 9642
7 33 5856
33 7 5856
175 217 9132
217 175 9132
130 61 2197
61 130 2197
15 59 1558
59 15 1558
16 10 8104
10 16 8104
57 220 6225
220 57 6225
102 202 5355
202 102 5355
24 171 6025
171 24 6025
120 35 9671
35 120 9671
177 213 4280
213 177 4280
156 139 3618
139 156 3618
24 180 9980
180 24 9980
158 142 5948
142 158 5948
108 36 9511
36 108 9511
237 18 8439
18 237 8439
169 159 6631
159 169 6631
104 38 2087
38 104 2087
190 136 6983
136 190 6983
7 10 2401
10 7 2401
166 245 2080
245 166 2080
115 58 6376
58 115 6376
66 161 845
161 66 845
25 186 7371
186 25 7371
43 216 396
216 43 396
11 89 3715
89 11 3715
79 37 5935
37 79 5935
243 67 4874
67 243 4874
201 65 6874
65 201 6874
55 13 2416
13 55 2416
169 27 9362
27 169 9362
212 111 519
111 212 519
67 190 6034
190 67 6034
90 124 3020
124 90 3020
209 187 436
187 209 436
179 23 3380
23 179 3380
133 1 7809
1 133 7809
149 180 3548
180 149 3548
96 146 884
146 96 884
206 169 2345
169 206 2345
104 225 708
225 104 708
44 113 4753
113 44 4753
199 207 6505
207 199 6505
241 125 7219
125 241 7219
90 12 1259
12 90 1259
35 114 9729
114 35 9729
234 129 8597
129 234 8597
22 18 5871
18 22 5871
231 217 7012
217 231 7012
189 35 9065
35 189 9065
19 111 6725
111 19 6725
156 229 4282
229 156 4282
182 90 3136
90 182 3136
223 75 4000
75 223 4000
64 21 639
21 64 639
243 57 3930
57 243 3930
242 205 2489
205 242 2489
153 3 290
3 153 290
164 161 5581
161 164 5581
153 174 1211
174 153 1211
32 189 1102
189 32 1102
7 199 9762
199 7 9762
13 38 4351
38 13 4351
221 1 6642
1 221 6642
161 196 4656
196 161 4656
182 237 962
237 182 962
44 191 4221
191 44 4221
41 102 4406
102 41 4406
244 106 1760
106 244 1760
100 12 884
12 100 884
155 118 9488
118 155 9488
199 188 3787
188 199 3787
137 10 4853
10 137 4853
248 155 6240
155 248 6240
215 42 8349
42 215 8349
151 75 5342
75 151 5342
171 215 7299
215 171 7299
36 172 8762
172 36 8762
18 246 735
246 18 735
246 227 3171
227 246 3171
199 206 9195
206 199 9195
80 54 6440
54 80 6440
239 127 2092
127 239 2092
13 215 6479
215 13 6479
200 34 6468
34 200 6468
60 147 6524
147 60 6524
56 87 8144
87 56 8144
143 153 4319
153 143 4319
163 209 7277
209 163 7277
18 14 4064
14 18 4064
94 188 8441
188 94 8441
106 107 4631
107 106 4631
226 140 1792
140 226 1792
120 10 874
10 120 874
212 147 1477
147 212 1477
183 135 8767
135 183 8767
186 47 2121
47 186 2121
4 246 6193
246 4 6193
163 95 2551
95 163 2551
184 222 8197
222 184 8197
208 43 5076
43 208 5076
41 244 513
244 41 513
212 54 9031
54 212 9031
207 47 9109
47 207 9109
236 170 7909
170 236 7909
44 66 904
66 44 904
101 35 636
35 101 636
20 188 5031
188 20 5031
179 64 8425
64 179 8425
54 15 280
15 54 280
60 89 3818
89 60 3818
227 227 8536
227 227 8536
127 93 8366
93 127 8366
13 43 8621
43 13 8621
245 27 6367
27 245 6367
25 104 7575
104 25 7575
224 18 3492
18 224 3492
224 82 7829
82 224 7829
174 135 7842
135 174 7842
18 234 9929
234 18 9929
13 97 8471
97 13 8471
133 46 5165
46 133 5165
99 89 430
89 99 430
109 103 1881
103 109 1881
235 170 5586
170 235 5586
31 207 1344
207 31 1344
149 203 8163
203 149 8163
159 211 2059
211 159 2059
99 68 734
68 99 734
9 79 163
79 9 163
228 66 6445
66 228 6445
18 124 8091
124 18 8091
169 152 8471
152 169 8471
210 39 9326
39 210 9326
32 147 8187
147 32 8187
96 109 7579
109 96 7579
138 49 7266
49 138 7266
224 14 5746
14 224 5746
170 8 869
8 170 869
111 172 5285
172 111 5285
119 29 588
29 119 588
153 72 6517
72 153 6517
25 29 390
29 25 390
205 114 6780
114 205 6780
145 180 2511
180 145 2511
206 22 950
22 206 950
129 228 8174
228 129 8174
229 202 7468
202 229 7468
31 159 2876
159 31 2876
7 52 4717
52 7 4717
189 198 2315
198 189 2315
239 247 3510
247 239 3510
116 13 7514
13 116 7514
180 26 5387
26 180 5387
32 112 5799
112 32 5799
215 244 2179
244 215 2179
136 22 4962
22 136 4962
96 63 5037
63 96 5037
187 51 8853
51 187 8853
214 89 479
89 214 479
22 71 9780
71 22 9780
41 173 3675
173 41 3675
74 111 3055
111 74 3055
26 147 8580
147 26 8580
68 236 3232
236 68 3232
65 160 4979
160 65 4979
60 178 2681
178 60 2681
188 45 1946
45 188 1946
13 93 7450
93 13 7450
70 242 5894
242 70 5894
204 199 2424
199 204 2424
54 19 8208
19 54 8208
224 66 7569
66 224 7569
75 117 7853
117 75 7853
180 138 4770
138 180 4770
227 30 7469
30 227 7469
153 156 6128
156 153 6128
191 246 8313
246 191 8313
132 72 1461
72 132 1461
209 131 8018
131 209 8018
224 225 7219
225 224 7219
16 141 4971
141 16 4971
70 175 1492
175 70 1492
215 72 9259
72 215 9259
33 59 8029
59 33 8029
49 233 3945
233 49 3945
64 15 9647
15 64 9647
80 32 2103
32 80 2103
122 202 6770
202 122 6770
40 162 489
162 40 489
217 140 2277
140 217 2277
141 34 2915
34 141 2915
164 197 201
197 164 201
227 211 6979
211 227 6979
138 85 5126
85 138 5126
151 187 9891
187 151 9891
147 161 1193
161 147 1193
8 46 1196
46 8 1196
189 184 9281
184 189 9281
115 15 3751
15 115 3751
180 175 5511
175 180 5511
127 164 2960
164 127 2960
215 101 1937
101 215 1937
182 174 372
174 182 372
98 211 5282
211 98 5282
81 8 5983
8 81 5983
202 169 4030
169 202 4030
225 212 5780
212 225 5780
237 84 863
84 237 863
73 169 2606
169 73 2606
34 194 4901
194 34 4901
90 172 1882
172 90 1882
168 13 676
13 168 676
37 86 7029
86 37 7029
238 110 4171
110 238 4171
173 141 7040
141 173 7040
119 219 7017
219 119 7017
162 127 3070
127 162 3070
149 121 8395
121 149 8395
235 163 6231
163 235 6231
185 55 6751
55 185 6751
127 220 6855
220 127 6855
91 218 254
218 91 254
108 47 8549
47 108 8549
24 143 6252
143 24 6252
165 168 4482
168 165 4482
223 74 5534
74 223 5534
8 235 8141
235 8 8141
162 48 382
48 162 382
240 216 9374
216 240 9374
220 102 3605
102 220 3605
98 217 5668
217 98 5668
95 33 2465
33 95 2465
99 130 5511
130 99 5511
78 42 3368
42 78 3368
183 124 5685
124 183 5685
248 245 7816
245 248 7816
72 143 1761
143 72 1761
160 243 9692
243 160 9692
244 15 9108
15 244 9108
9 242 439
242 9 439
150 194 2596
194 150 2596
46 13 960
13 46 960
105 32 7919
32 105 7919
29 135 4069
135 29 4069
13 210 1699
210 13 1699
112 225 6982
225 112 6982
79 151 9016
151 79 9016
151 72 8006
72 151 8006
199 216 5752
216 199 5752
174 32 9855
32 174 9855
241 104 8937
104 241 8937
97 154 6749
154 97 6749
148 157 5634
157 148 5634
35 111 4297
111 35 4297
117 76 4778
76 117 4778
188 56 2034
56 188 2034
246 200 8079
200 246 8079
196 211 5911
211 196 5911
91 145 1291
145 91 1291
145 194 9172
194 145 9172
39 53 5495
53 39 5495
157 114 3387
114 157 3387
36 247 3620
247 36 3620
142 66 1799
66 142 1799
102 215 9799
215 102 9799
34 71 2426
71 34 2426
90 64 5070
64 90 5070
72 106 1691
106 72 1691
217 127 3635
127 217 3635
94 165 6521
165 94 6521
220 160 7963
160 220 7963
133 22 1345
22 133 1345
31 208 7375
208 31 7375
30 32 4064
32 30 4064
67 83 2599
83 67 2599
238 157 2237
157 238 2237
230 227 8757
227 230 8757
102 52 9154
52 102 9154
143 86 615
86 143 615
129 11 5612
11 129 5612
170 116 9533
116 170 9533
110 81 2483
81 110 2483
125 130 2128
130 125 2128
41 110 3164
110 41 3164
156 112 5084
112 156 5084
33 32 7270
32 33 7270
206 56 8027
56 206 8027
81 74 977
74 81 977
102 151 809
151 102 809
25 231 5042
231 25 5042
102 68 6548
68 102 6548
107 179 7349
179 107 7349
10 181 1591
181 10 1591
81 50 6878
50 81 6878
113 79 5840
79 113 5840
38 226 12
226 38 12
146 145 1523
145 146 1523
227 122 1432
122 227 1432
51 154 3168
154 51 3168
19 149 3683
149 19 3683
234 219 1333
219 234 1333
31 171 6552
171 31 6552
217 58 5314
58 217 5314
159 109 5971
109 159 5971
8 5 9040
5 8 9040
67 13 4528
13 67 4528
53 173 9249
173 53 9249
164 126 162
126 164 162
154 147 7361
147 154 7361
190 197 4239
197 190 4239
146 16 451
16 146 451
173 197 5111
197 173 5111
233 45 7265
45 233 7265
179 93 5190
93 179 5190
152 225 7595
225 152 7595
90 234 1658
234 90 1658
228 43 1455
43 228 1455
161 40 2141
40 161 2141
53 106 7881
106 53 7881
56 192 9345
192 56 9345
189 162 2203
162 189 2203
247 79 8764
79 247 8764
113 190 9726
190 113 9726
30 181 9235
181 30 9235
161 96 3841
96 161 3841
13 154 5778
154 13 5778
143 95 399
95 143 399
189 114 8696
114 189 8696
44 10 161
10 44 161
28 239 5621
239 28 5621
210 123 9349
123 210 9349
240 98 3253
98 240 3253
244 208 4526
208 244 4526
152 75 7674
75 152 7674
25 46 2530
46 25 2530
78 169 3696
169 78 3696
170 199 2384
199 170 2384
44 47 9734
47 44 9734
236 162 6400
162 236 6400
167 153 9079
153 167 9079
99 122 2811
122 99 2811
11 47 6924
47 11 6924
12 7 4190
7 12 4190
171 232 6674
232 171 6674
157 191 1341
191 157 1341
221 11 9882
11 221 9882
50 67 2338
67 50 2338
23 228 9209
228 23 9209
17 138 2956
138 17 2956
30 177 419
177 30 419
99 208 3305
208 99 3305
209 191 9161
191 209 9161
120 20 6709
20 120 6709
123 210 6723
210 123 6723
185 160 5141
160 185 5141
225 18 2295
18 225 2295
19 32 1406
32 19 1406
222 31 6678
31 222 6678
15 200 3414
200 15 3414
20 238 6185
238 20 6185
38 186 597
186 38 597
53 106 8632
106 53 8632
92 76 2783
76 92 2783
32 186 5460
186 32 5460
6 207 353
207 6 353
99 48 443
48 99 443
225 121 7407
121 225 7407
6 15 3691
15 6 3691
123 44 9275
44 123 9275
64 244 4006
244 64 4006
169 35 1781
35 169 1781
76 176 7140
176 76 7140
29 155 654
155 29 654
107 235 1522
235 107 1522
225 116 8463
116 225 8463
173 15 8044
15 173 8044
45 35 7107
35 45 7107
180 60 9751
60 180 9751
176 106 2135
106 176 2135
4 32 3288
32 4 3288
62 52 896
52 62 896
129 124 1233
124 129 1233
231 91 5048
91 231 5048
74 186 2850
186 74 2850
221 228 1282
228 221 1282
88 166 9003
166 88 9003
45 53 563
53 45 563
150 48 4422
48 150 4422
227 99 6391
99 227 6391
202 174 421
174 202 421
194 119 23
119 194 23
247 180 8784
180 247 8784
222 76 6425
76 222 6425
188 146 1187
146 188 1187
144 235 4082
235 144 4082
73 248 1447
248 73 1447
188 66 9053
66 188 9053
145 37 2232
37 145 2232
13 85 1368
85 13 1368
208 172 9747
172 208 9747
108 234 8995
234 108 8995
191 161 7720
161 191 7720
56 189 5360
189 56 5360
149 110 4919
110 149 4919
156 61 6468
61 156 6468
21 171 1365
171 21 1365
145 139 8049
139 145 8049
185 155 6984
155 185 6984
123 166 1389
166 123 1389
5 68 7766
68 5 7766
77 56 5794
56 77 5794
213 126 6510
126 213 6510
24 105 6452
105 24 6452
36 5 821
5 36 821
54 89 675
89 54 675
121 4 5641
4 121 5641
86 194 4036
194 86 4036
76 222 7265
222 76 7265
59 199 3573
199 59 3573
228 45 7369
45 228 7369
77 85 9432
85 77 9432
18 222 3096
222 18 3096
92 93 5986
93 92 5986
217 213 7892
213 217 7892
3 106 5804
106 3 5804
48 164 6205
164 48 6205
122 109 6622
109 122 6622
7 4 3913
4 7 3913
32 197 2260
197 32 2260
99 31 4022
31 99 4022
247 120 6990
120 247 6990
218 103 3851
103 218 3851
224 248 9834
248 224 9834
65 215 6953
215 65 6953
129 38 6947
38 129 6947
195 243 4044
243 195 4044
108 200 840
200 108 840
62 136 3148
136 62 3148
198 117 7702
117 198 7702
193 5 6237
5 193 6237
244 224 6963
224 244 6963
183 82 3199
82 183 3199
81 209 8758
209 81 8758
18 247 5464
247 18 5464
11 215 2215
215 11 2215
233 176 7997
176 233 7997
39 169 4819
169 39 4819
17 101 8801
101 17 8801
18 114 2426
114 18 2426
172 89 3241
89 172 3241
93 130 7238
130 93 7238
100 30 271
30 100 271
31 10 6867
10 31 6867
119 137 8574
137 119 8574
157 21 7414
21 157 7414
72 175 8929
175 72 8929
163 109 8115
109 163 8115
68 135 9749
135 68 9749
74 11 8980
11 74 8980
77 248 4886
248 77 4886
221 238 8198
238 221 8198
169 93 2658
93 169 2658
92 3 4369
3 92 4369
51 114 4199
114 51 4199
158 231 2119
231 158 2119
189 210 3904
210 189 3904
47 121 3219
121 47 3219
20 103 2856
103 20 2856
60 1 7078
1 60 7078
34 49 621
49 34 621
172 232 8194
232 172 8194
108 144 7031
144 108 7031
125 235 259
235 125 259
181 162 7372
162 181 7372
87 42 8001
42 87 8001
244 235 7687
235 244 7687
210 201 2448
201 210 2448
77 219 2106
219 77 2106
206 162 1058
162 206 1058
100 75 6272
75 100 6272
77 41 3610
41 77 3610
97 5 4229
5 97 4229
197 24 6488
24 197 6488
229 57 925
57 229 925
142 96 3286
96 142 3286
85 150 8422
150 85 8422
75 46 6437
46 75 6437
83 139 564
139 83 564
152 182 3136
182 152 3136
46 180 7742
180 46 7742
218 194 5620
194 218 5620
54 51 751
51 54 751
125 82 5522
82 125 5522
94 6 5220
6 94 5220
208 246 8472
246 208 8472
76 30 4382
30 76 4382
132 16 8592
16 132 8592
10 73 6263
73 10 6263
61 44 3589
44 61 3589
42 214 7643
214 42 7643
100 233 5651
233 100 5651
188 225 1647
225 188 1647
108 163 549
163 108 549
190 130 658
130 190 658
46 92 7760
92 46 7760
74 38 9103
38 74 9103
160 13 2207
13 160 2207
100 194 4390
194 100 4390
34 80 8259
80 34 8259
41 127 1475
127 41 1475
73 23 1252
23 73 1252
127 189 6984
189 127 6984
20 125 7144
125 20 7144
246 169 1037
169 246 1037
96 105 8971
105 96 8971
1 74 1010
74 1 1010
120 45 676
45 120 676
226 8 2852
8 226 2852
191 41 7051
41 191 7051
3 27 5295
27 3 5295
126 171 8507
171 126 8507
107 8 3083
8 107 3083
126 99 6845
99 126 6845
19 7 1461
7 19 1461
96 67 3242
67 96 3242
45 68 4223
68 45 4223
119 201 8189
201 119 8189
68 72 1165
72 68 1165
243 53 6856
53 243 6856
20 54 489
54 20 489
16 223 5684
223 16 5684
65 234 6601
234 65 6601
130 238 4948
238 130 4948
246 156 7052
156 246 7052
72 185 2765
185 72 2765
50 204 2669
204 50 2669
28 80 7491
80 28 7491
224 78 8096
78 224 8096
127 185 3995
185 127 3995
229 212 826
212 229 826
123 22 8898
22 123 8898
233 78 6138
78 233 6138
247 47 1108
47 247 1108
85 128 6834
128 85 6834
142 247 1881
247 142 1881
171 247 6521
247 171 6521
153 173 5073
173 153 5073
192 180 7464
180 192 7464
177 138 5991
138 177 5991
244 172 2662
172 244 2662
232 84 9662
84 232 9662
99 194 1035
194 99 1035
155 109 1975
109 155 1975
205 4 3205
4 205 3205
18 198 6993
198 18 6993
84 107 7396
107 84 7396
32 3 2488
3 32 2488
50 141 7697
141 50 7697
149 91 9206
91 149 9206
87 14 1072
14 87 1072
159 20 3696
20 159 3696
188 82 2974
82 188 2974
89 117 9462
117 89 9462
172 29 1156
29 172 1156
64 77 5126
77 64 5126
248 144 6186
144 248 6186
1 239 1168
239 1 1168
56 81 712
81 56 712
131 236 6779
236 131 6779
19 77 1753
77 19 1753
83 204 9621
204 83 9621
61 124 2228
124 61 2228
63 92 6966
92 63 6966
235 206 8281
206 235 8281
48 222 8205
222 48 8205
49 231 6655
231 49 6655
59 9 6835
9 59 6835
190 159 1347
159 190 1347
33 198 179
198 33 179
49 83 439
83 49 439
85 3 1333
3 85 1333
48 171 9894
171 48 9894
220 150 2740
150 220 2740
68 69 3871
69 68 3871
54 243 1119
243 54 1119
98 187 7541
187 98 7541
211 246 2090
246 211 2090
146 176 6154
176 146 6154
2 129 623
129 2 623
232 179 7778
179 232 7778
119 69 8731
69 119 8731
205 39 2253
39 205 2253
73 136 7135
136 73 7135
68 123 1502
123 68 1502
161 49 3406
49 161 3406
200 117 6904
117 200 6904
190 102 8188
102 190 8188
234 221 326
221 234 326
90 33 9979
33 90 9979
169 88 778
88 169 778
211 124 2458
124 211 2458
98 242 1804
242 98 1804
241 218 8260
218 241 8260
46 139 2758
139 46 2758
241 200 8407
200 241 8407
92 168 7178
168 92 7178
208 78 627
78 208 627
14 172 5555
172 14 5555
25 164 6262
164 25 6262
1 218 7206
218 1 7206
34 164 9341
164 34 9341
22 149 6259
149 22 6259
72 71 6828
71 72 6828
19 191 3453
191 19 3453
60 61 7725
61 60 7725
20 181 349
181 20 349
72 234 9747
234 72 9747
229 187 5362
187 229 5362
82 203 6057
203 82 6057
45 103 4671
103 45 4671
35 28 4312
28 35 4312
190 200 6109
200 190 6109
153 223 5170
223 153 5170
75 170 6616
170 75 6616
192 109 7835
109 192 7835
99 215 8653
215 99 8653
248 32 7546
32 248 7546
98 225 8716
225 98 8716
176 48 3686
48 176 3686
114 163 8085
163 114 8085
202 222 7199
222 202 7199
220 202 9727
202 220 9727
198 166 1197
166 198 1197
13 100 3603
100 13 3603
211 202 7683
202 211 7683
113 160 4145
160 113 4145
136 211 7356
211 136 7356
247 82 4611
82 247 4611
31 242 6658
242 31 6658
182 106 745
106 182 745
193 80 289
80 193 289
112 243 1203
243 112 1203
59 190 7105
190 59 7105
147 105 6242
105 147 6242
60 229 2687
229 60 2687
146 129 9202
129 146 9202
226 75 5933
75 226 5933
65 88 5825
88 65 5825
104 10 9058
10 104 9058
3 3 4722
3 3 4722
77 221 5305
221 77 5305
191 231 7035
231 191 7035
137 67 1786
67 137 1786
190 49 5125
49 190 5125
74 235 4966
235 74 4966
118 180 1440
180 118 1440
37 8 3697
8 37 3697
119 103 2823
103 119 2823
241 98 3357
98 241 3357
200 59 1613
59 200 1613
206 12 7269
12 206 7269
182 85 7717
85 182 7717
176 128 5079
128 176 5079
46 81 2962
81 46 2962
182 93 2558
93 182 2558
61 115 9754
115 61 9754
141 153 1214
153 141 1214
141 175 735
175 141 735
104 54 4069
54 104 4069
7 93 5155
93 7 5155
34 203 3370
