375 7966
145 236 2279
236 145 2279
34 270 2390
270 34 2390
2 59 4752
59 2 4752
335 179 4613
179 335 4613
354 138 950
138 354 950
300 67 8543
67 300 8543
235 165 975
165 235 975
60 85 5907
85 60 5907
122 116 6566
116 122 6566
112 247 4398
247 112 4398
317 124 8393
124 317 8393
162 310 7733
310 162 7733
271 300 8045
300 271 8045
213 19 2090
19 213 2090
268 250 8392
250 268 8392
301 25 5210
25 301 5210
110 10 3513
10 110 3513
60 348 1155
348 60 1155
176 293 1548
293 176 1548
324 13 4854
13 324 4854
95 316 7428
316 95 7428
244 373 530
373 244 530
239 25 3569
25 239 3569
196 358 2602
358 196 2602
287 233 7439
233 287 7439
4 181 245
181 4 245
112 345 716
345 112 716
215 21 9529
21 215 9529
255 21 4101
21 255 4101
375 331 4966
331 375 4966
281 187 5251
187 281 5251
284 306 565
306 284 565
164 291 6763
291 164 6763
183 199 1046
199 183 1046
326 311 1715
311 326 1715
334 76 7032
76 334 7032
16 56 4198
56 16 4198
82 237 2035
237 82 2035
162 81 9380
81 162 9380
363 178 4866
178 363 4866
133 281 9476
281 133 9476
368 292 6994
292 368 6994
86 202 5507
202 86 5507
61 356 9675
356 61 9675
52 246 1560
246 52 1560
50 294 1749
294 50 1749
298 354 4707
354 298 4707
358 207 5397
207 358 5397
49 283 9527
283 49 9527
18 235 2259
235 18 2259
245 300 1066
300 245 1066
244 81 407
81 244 407
293 304 6213
304 293 6213
349 32 1182
32 349 1182
147 258 3848
258 147 3848
259 256 7859
256 259 7859
289 375 7821
375 289 7821
131 258 6681
258 131 6681
177 331 8586
331 177 8586
278 313 4191
313 278 4191
231 164 6053
164 231 6053
61 358 6582
358 61 6582
262 290 9514
290 262 9514
193 85 8658
85 193 8658
375 21 8988
21 375 8988
169 346 7987
346 169 7987
237 32 9088
32 237 9088
172 373 4285
373 172 4285
230 261 834
261 230 834
43 256 7294
256 43 7294
66 113 2432
113 66 2432
166 205 6959
205 166 6959
225 336 7140
336 225 7140
71 288 6998
288 71 6998
299 123 4440
123 299 4440
210 241 8183
241 210 8183
120 321 1113
321 120 1113
302 222 4255
222 302 4255
8 3 3838
3 8 3838
219 280 1788
280 219 1788
331 183 3821
183 331 3821
29 34 7546
34 29 7546
204 252 7765
252 204 7765
322 349 918
349 322 918
30 170 4741
170 30 4741
21 255 3230
255 21 3230
173 72 8745
72 173 8745
261 239 8341
239 261 8341
244 187 4651
187 244 4651
131 347 5682
347 131 5682
189 254 4975
254 189 4975
239 138 3753
138 239 3753
16 247 4206
247 16 4206
266 339 6950
339 266 6950
167 360 4482
360 167 4482
311 7 3997
7 311 3997
269 350 2158
350 269 2158
75 3 5161
3 75 5161
195 230 3037
230 195 3037
200 171 3558
171 200 3558
205 66 4812
66 205 4812
197 310 38
310 197 38
344 6 469
6 344 469
234 314 6215
314 234 6215
229 292 2838
292 229 2838
310 368 3286
368 310 3286
79 258 4902
258 79 4902
130 210 3237
210 130 3237
29 143 6877
143 29 6877
235 211 1783
211 235 1783
74 246 3856
246 74 3856
292 123 8650
123 292 8650
34 48 6559
48 34 6559
141 312 823
312 141 823
16 179 4523
179 16 4523
6 123 8709
123 6 8709
57 75 188
75 57 188
258 113 7396
113 258 7396
332 235 2619
235 332 2619
186 221 5503
221 186 5503
202 70 2744
70 202 2744
61 283 9581
283 61 9581
180 41 1912
41 180 1912
93 330 4424
330 93 4424
118 282 8518
282 118 8518
212 333 8776
333 212 8776
362 66 8220
66 362 8220
239 182 4251
182 239 4251
25 236 4362
236 25 4362
122 185 4264
185 122 4264
192 69 1960
69 192 1960
101 94 3582
94 101 3582
296 134 4696
134 296 4696
103 214 783
214 103 783
229 171 8044
171 229 8044
51 270 1231
270 51 1231
153 299 6601
299 153 6601
320 244 8628
244 320 8628
140 363 5089
363 140 5089
13 117 3553
117 13 3553
331 84 611
84 331 611
133 127 9232
127 133 9232
160 66 3084
66 160 3084
235 137 8290
137 235 8290
283 144 6993
144 283 6993
131 96 8277
96 131 8277
82 336 9431
336 82 9431
360 20 6369
20 360 6369
82 225 9650
225 82 9650
13 298 9806
298 13 9806
360 55 2974
55 360 2974
141 46 5
46 141 5
167 132 4411
132 167 4411
277 39 5864
39 277 5864
167 322 6427
322 167 6427
11 29 387
29 11 387
269 27 8412
27 269 8412
338 69 452
69 338 452
237 295 8364
295 237 8364
303 111 486
111 303 486
177 213 456
213 177 456
326 187 5253
187 326 5253
185 80 1423
80 185 1423
146 10 2358
10 146 2358
208 225 8046
225 208 8046
55 133 7177
133 55 7177
231 47 5385
47 231 5385
35 60 8137
60 35 8137
273 322 1564
322 273 1564
311 323 3049
323 311 3049
209 366 4604
366 209 4604
119 69 7959
69 119 7959
11 327 4975
327 11 4975
118 139 686
139 118 686
317 65 7182
65 317 7182
238 363 6993
363 238 6993
52 317 6606
317 52 6606
22 53 8234
53 22 8234
219 194 338
194 219 338
254 117 760
117 254 760
31 80 4390
80 31 4390
345 82 1197
82 345 1197
129 339 9662
339 129 9662
23 369 9804
369 23 9804
166 262 7336
262 166 7336
68 259 8803
259 68 8803
216 167 9773
167 216 9773
331 348 6132
348 331 6132
276 333 2283
333 276 2283
369 109 3317
109 369 3317
165 243 6599
243 165 6599
329 172 8056
172 329 8056
65 28 6988
28 65 6988
164 61 4262
61 164 4262
62 196 4151
196 62 4151
357 47 2255
47 357 2255
259 369 1350
369 259 1350
33 105 1686
105 33 1686
280 315 1292
315 280 1292
67 161 4396
161 67 4396
146 253 8706
253 146 8706
27 177 1853
177 27 1853
6 4 3407
4 6 3407
243 203 4753
203 243 4753
2 327 3357
327 2 3357
206 315 3292
315 206 3292
220 64 5387
64 220 5387
214 90 6059
90 214 6059
31 365 5388
365 31 5388
359 18 5576
18 359 5576
180 242 3174
242 180 3174
223 173 7482
173 223 7482
271 136 274
136 271 274
226 326 1365
326 226 1365
271 71 9519
71 271 9519
239 316 8636
316 239 8636
180 287 7779
287 180 7779
217 269 4770
269 217 4770
347 78 2101
78 347 2101
88 203 5559
203 88 5559
64 79 6138
79 64 6138
195 82 795
82 195 795
129 206 7206
206 129 7206
36 217 3698
217 36 3698
56 158 1237
158 56 1237
20 68 8599
68 20 8599
178 345 209
345 178 209
373 18 8950
18 373 8950
99 12 8992
12 99 8992
295 141 3762
141 295 3762
225 22 3908
22 225 3908
2 176 2603
176 2 2603
213 309 4607
309 213 4607
236 359 3530
359 236 3530
294 256 4024
256 294 4024
140 259 3941
259 140 3941
235 113 7538
113 235 7538
296 187 3595
187 296 3595
109 200 4986
200 109 4986
344 192 4110
192 344 4110
370 146 2546
146 370 2546
180 41 9149
41 180 9149
15 83 7326
83 15 7326
172 220 8558
220 172 8558
194 201 5585
201 194 5585
132 316 8110
316 132 8110
89 133 5182
133 89 5182
45 321 9018
321 45 9018
155 231 9136
231 155 9136
368 43 2489
43 368 2489
306 168 270
168 306 270
76 47 9577
47 76 9577
324 310 424
310 324 424
189 82 3830
82 189 3830
104 78 3646
78 104 3646
15 115 6100
115 15 6100
93 141 9699
141 93 9699
268 321 3131
321 268 3131
371 184 4066
184 371 4066
131 306 1798
306 131 1798
371 64 1164
64 371 1164
108 87 7455
87 108 7455
301 303 5232
303 301 5232
195 240 4146
240 195 4146
215 349 7548
349 215 7548
26 86 4747
86 26 4747
124 88 7105
88 124 7105
309 34 3021
34 309 3021
119 254 7579
254 119 7579
103 285 5093
285 103 5093
285 103 1253
103 285 1253
348 343 65
343 348 65
117 155 3642
155 117 3642
265 111 4633
111 265 4633
49 251 9947
251 49 9947
8 40 7514
40 8 7514
41 229 704
229 41 704
106 350 8520
350 106 8520
263 104 3143
104 263 3143
246 341 5228
341 246 5228
16 338 2624
338 16 2624
218 282 5899
282 218 5899
102 327 8182
327 102 8182
311 70 9916
70 311 9916
366 118 5168
118 366 5168
136 263 6894
263 136 6894
55 168 563
168 55 563
338 257 1488
257 338 1488
332 148 7694
148 332 7694
201 211 8412
211 201 8412
34 312 7675
312 34 7675
190 172 9384
172 190 9384
85 45 9290
45 85 9290
206 224 1700
224 206 1700
360 141 6660
141 360 6660
234 91 3448
91 234 3448
328 194 1791
194 328 1791
187 325 3006
325 187 3006
202 287 6946
287 202 6946
345 307 6954
307 345 6954
28 94 9305
94 28 9305
265 284 5871
284 265 5871
146 322 1078
322 146 1078
97 10 228
10 97 228
16 45 1370
45 16 1370
9 19 4897
19 9 4897
210 199 6144
199 210 6144
30 226 489
226 30 489
80 334 2685
334 80 2685
159 180 6942
180 159 6942
210 59 3097
59 210 3097
225 272 4280
272 225 4280
371 256 8920
256 371 8920
167 85 726
85 167 726
93 24 2589
24 93 2589
156 95 3355
95 156 3355
210 271 4707
271 210 4707
76 280 8559
280 76 8559
219 104 1753
104 219 1753
373 53 3289
53 373 3289
223 11 8674
11 223 8674
352 110 7110
110 352 7110
1 8 8434
8 1 8434
228 55 9947
55 228 9947
70 52 3095
52 70 3095
97 62 371
62 97 371
308 293 6906
293 308 6906
205 355 9445
355 205 9445
303 67 825
67 303 825
346 274 4442
274 346 4442
45 173 976
173 45 976
212 295 9528
295 212 9528
158 264 1746
264 158 1746
59 277 9091
277 59 9091
78 214 5851
214 78 5851
279 216 1248
216 279 1248
319 321 6123
321 319 6123
158 91 9387
91 158 9387
300 227 5701
227 300 5701
128 337 4505
337 128 4505
259 127 863
127 259 863
32 185 2083
185 32 2083
22 297 3039
297 22 3039
105 191 5476
191 105 5476
261 85 4980
85 261 4980
321 234 3723
234 321 3723
232 50 8879
50 232 8879
65 253 6977
253 65 6977
279 310 5195
310 279 5195
28 374 1006
374 28 1006
363 313 8902
313 363 8902
97 75 9558
75 97 9558
345 288 2337
288 345 2337
166 106 4384
106 166 4384
350 115 2161
115 350 2161
304 81 1538
81 304 1538
275 304 1143
304 275 1143
99 251 6788
251 99 6788
121 68 6012
68 121 6012
174 31 1459
31 174 1459
280 247 7799
247 280 7799
240 216 1305
216 240 1305
168 352 7585
352 168 7585
48 193 3403
193 48 3403
282 37 5286
37 282 5286
145 321 4305
321 145 4305
211 282 8582
282 211 8582
343 241 7548
241 343 7548
189 199 5806
199 189 5806
345 104 4379
104 345 4379
327 145 6200
145 327 6200
286 370 1198
370 286 1198
363 326 7564
326 363 7564
302 243 9760
243 302 9760
199 124 1065
124 199 1065
226 192 5934
192 226 5934
74 188 1910
188 74 1910
170 110 1641
110 170 1641
370 255 3596
255 370 3596
200 249 9543
249 200 9543
37 159 9619
159 37 9619
194 336 1219
336 194 1219
103 63 1665
63 103 1665
239 230 1790
230 239 1790
337 233 1035
233 337 1035
97 239 4648
239 97 4648
147 119 2272
119 147 2272
239 278 5865
278 239 5865
86 309 6197
309 86 6197
123 211 9011
211 123 9011
307 319 9479
319 307 9479
87 265 7946
265 87 7946
152 50 5865
50 152 5865
165 190 9542
190 165 9542
359 343 4386
343 359 4386
146 284 7845
284 146 7845
334 363 6004
363 334 6004
100 189 6514
189 100 6514
33 350 5934
350 33 5934
311 94 8267
94 311 8267
38 191 1816
191 38 1816
357 198 7631
198 357 7631
321 222 3107
222 321 3107
246 363 685
363 246 685
296 68 4072
68 296 4072
37 182 2589
182 37 2589
130 241 6616
241 130 6616
315 91 4001
91 315 4001
328 233 4596
233 328 4596
138 84 67
84 138 67
281 155 3428
155 281 3428
171 84 429
84 171 429
318 196 2842
196 318 2842
135 159 7756
159 135 7756
262 367 577
367 262 577
286 198 8032
198 286 8032
297 94 2000
94 297 2000
122 70 404
70 122 404
117 7 4751
7 117 4751
272 374 8857
374 272 8857
285 338 5383
338 285 5383
81 321 9690
321 81 9690
179 124 3447
124 179 3447
372 371 8438
371 372 8438
207 210 4344
210 207 4344
320 253 689
253 320 689
161 175 5148
175 161 5148
237 19 437
19 237 437
165 233 3206
233 165 3206
246 199 1151
199 246 1151
22 127 2726
127 22 2726
32 146 3775
146 32 3775
336 70 442
70 336 442
29 259 7002
259 29 7002
107 208 3759
208 107 3759
319 179 7129
179 319 7129
150 169 1009
169 150 1009
341 279 3903
279 341 3903
345 162 8499
162 345 8499
148 216 2022
216 148 2022
6 192 1758
192 6 1758
314 105 5927
105 314 5927
288 353 6148
353 288 6148
26 264 9808
264 26 9808
297 314 4445
314 297 4445
228 248 4078
248 228 4078
169 18 9612
18 169 9612
136 45 9071
45 136 9071
313 264 4303
264 313 4303
306 23 485
23 306 485
331 153 5027
153 331 5027
16 372 6634
372 16 6634
324 203 5666
203 324 5666
269 291 7443
291 269 7443
6 204 7449
204 6 7449
145 216 3645
216 145 3645
208 354 3622
354 208 3622
90 31 3419
31 90 3419
196 161 5937
161 196 5937
137 359 5082
359 137 5082
170 194 2302
194 170 2302
211 133 3120
133 211 3120
233 83 4244
83 233 4244
291 114 8113
114 291 8113
224 61 1077
61 224 1077
126 184 2043
184 126 2043
148 135 9625
135 148 9625
355 319 4037
319 355 4037
300 88 9722
88 300 9722
233 194 7860
194 233 7860
56 230 892
230 56 892
332 155 2022
155 332 2022
89 27 6209
27 89 6209
103 232 4150
232 103 4150
302 156 893
156 302 893
288 345 5497
345 288 5497
32 240 1176
240 32 1176
9 232 6445
232 9 6445
292 152 2732
152 292 2732
31 129 9840
129 31 9840
305 112 3809
112 305 3809
320 320 9864
320 320 9864
180 208 9039
208 180 9039
262 346 9274
346 262 9274
269 64 1072
64 269 1072
31 204 4696
204 31 4696
343 187 540
187 343 540
176 71 3062
71 176 3062
213 366 9563
366 213 9563
18 243 6215
243 18 6215
85 225 5631
225 85 5631
342 209 1245
209 342 1245
45 55 2599
55 45 2599
140 52 2057
52 140 2057
282 293 3441
293 282 3441
252 161 4893
161 252 4893
356 319 4616
319 356 4616
290 264 1826
264 290 1826
40 345 866
345 40 866
243 253 806
253 243 806
3 165 4820
165 3 4820
213 127 6872
127 213 6872
239 257 6842
257 239 6842
220 252 2839
252 220 2839
84 282 8213
282 84 8213
251 64 9525
64 251 9525
346 372 7496
372 346 7496
95 68 9216
68 95 9216
142 269 392
269 142 392
81 234 7020
234 81 7020
59 256 121
256 59 121
30 321 6247
321 30 6247
292 282 4550
282 292 4550
181 123 6287
123 181 6287
26 292 562
292 26 562
65 129 7497
129 65 7497
346 80 248
80 346 248
183 258 2419
258 183 2419
210 4 6895
4 210 6895
311 108 7194
108 311 7194
100 43 4261
43 100 4261
102 339 6576
339 102 6576
260 288 4925
288 260 4925
90 250 2184
250 90 2184
79 111 1341
111 79 1341
225 20 964
20 225 964
249 8 3349
8 249 3349
221 141 3887
141 221 3887
342 60 8518
60 342 8518
64 297 8521
297 64 8521
180 64 8222
64 180 8222
237 270 5624
270 237 5624
329 290 3383
290 329 3383
254 220 9425
220 254 9425
8 77 1229
77 8 1229
260 94 6264
94 260 6264
249 186 2571
186 249 2571
186 36 2069
36 186 2069
335 328 5875
328 335 5875
247 356 8182
356 247 8182
86 318 191
318 86 191
230 1 633
1 230 633
278 274 1990
274 278 1990
326 236 7282
236 326 7282
63 322 5130
322 63 5130
314 80 6142
80 314 6142
49 313 5292
313 49 5292
299 36 7096
36 299 7096
291 340 2005
340 291 2005
116 80 1021
80 116 1021
153 5 4688
5 153 4688
134 33 1447
33 134 1447
57 159 4223
159 57 4223
247 32 2641
32 247 2641
291 5 6668
5 291 6668
366 284 5395
284 366 5395
249 216 2419
216 249 2419
226 257 3179
257 226 3179
23 73 1137
73 23 1137
166 167 1805
167 166 1805
188 107 1776
107 188 1776
10 272 9806
272 10 9806
9 122 4578
122 9 4578
357 186 2339
186 357 2339
260 311 6593
311 260 6593
46 332 5546
332 46 5546
269 217 9720
217 269 9720
66 137 788
137 66 788
38 46 8742
46 38 8742
300 4 7076
4 300 7076
251 295 9455
295 251 9455
36 352 4847
352 36 4847
92 322 5386
322 92 5386
372 319 7241
319 372 7241
355 34 2872
34 355 2872
129 208 9065
208 129 9065
360 281 7312
281 360 7312
351 216 4680
216 351 4680
142 315 1879
315 142 1879
133 20 5642
20 133 5642
241 372 3109
372 241 3109
224 150 2142
150 224 2142
234 295 7523
295 234 7523
60 164 9428
164 60 9428
373 296 7662
296 373 7662
18 366 8562
366 18 8562
178 214 3044
214 178 3044
271 365 3884
365 271 3884
248 139 1106
139 248 1106
86 11 4355
11 86 4355
280 221 3346
221 280 3346
84 126 6993
126 84 6993
16 231 6288
231 16 6288
246 270 8439
270 246 8439
157 5 6827
5 157 6827
124 296 2677
296 124 2677
326 29 4344
29 326 4344
73 262 4532
262 73 4532
246 113 3238
113 246 3238
101 330 5215
330 101 5215
127 133 1981
133 127 1981
79 184 5255
184 79 5255
321 361 4908
361 321 4908
175 315 9518
315 175 9518
48 3 26
3 48 26
337 201 7634
201 337 7634
369 129 4404
129 369 4404
354 5 9431
5 354 9431
237 52 1737
52 237 1737
365 347 4189
347 365 4189
298 166 2794
166 298 2794
215 3 9938
3 215 9938
80 92 8293
92 80 8293
312 308 3224
308 312 3224
33 203 5611
203 33 5611
301 219 8742
219 301 8742
33 345 2548
345 33 2548
165 89 3794
89 165 3794
293 335 1589
335 293 1589
148 262 6653
262 148 6653
33 353 8088
353 33 8088
191 18 6247
18 191 6247
110 229 5741
229 110 5741
281 339 9614
339 281 9614
57 176 9985
176 57 9985
315 288 8486
288 315 8486
271 221 3861
221 271 3861
307 366 7452
366 307 7452
171 204 2453
204 171 2453
215 135 6886
135 215 6886
327 11 7046
11 327 7046
243 246 1862
246 243 1862
137 95 4557
95 137 4557
288 253 1769
253 288 1769
21 310 7445
310 21 7445
241 366 5660
366 241 5660
110 246 4558
246 110 4558
183 268 1814
268 183 1814
29 85 1995
85 29 1995
148 59 7536
59 148 7536
201 218 9382
218 201 9382
78 107 3859
107 78 3859
13 115 4225
115 13 4225
84 50 3104
50 84 3104
56 16 6418
16 56 6418
147 66 6963
66 147 6963
358 302 5698
302 358 5698
13 47 57
47 13 57
276 262 9802
262 276 9802
99 298 6099
298 99 6099
24 283 7996
283 24 7996
359 320 8871
320 359 8871
313 266 5733
266 313 5733
283 96 8406
96 283 8406
157 4 3997
4 157 3997
298 229 4323
229 298 4323
218 350 2050
350 218 2050
365 206 9191
206 365 9191
278 351 1574
351 278 1574
34 186 4759
186 34 4759
73 174 5307
174 73 5307
51 71 3429
71 51 3429
241 174 3796
174 241 3796
32 160 6315
160 32 6315
262 334 5236
334 262 5236
349 14 7149
14 349 7149
105 14 234
14 105 234
260 368 4871
368 260 4871
303 77 8602
77 303 8602
175 71 4762
71 175 4762
217 230 2568
230 217 2568
347 339 8574
339 347 8574
274 369 6682
369 274 6682
234 3 5203
3 234 5203
62 82 852
82 62 852
119 20 9607
20 119 9607
250 81 9579
81 250 9579
165 343 3093
343 165 3093
197 69 8613
69 197 8613
40 117 5547
117 40 5547
103 307 923
307 103 923
228 41 2450
41 228 2450
135 245 4937
245 135 4937
370 260 4567
260 370 4567
122 272 2186
272 122 2186
86 57 5847
57 86 5847
359 53 9613
53 359 9613
261 169 2405
169 261 2405
67 41 8648
41 67 8648
202 245 5725
245 202 5725
222 191 409
191 222 409
231 272 7952
272 231 7952
329 78 1276
78 329 1276
17 196 8672
196 17 8672
366 148 2457
148 366 2457
150 178 1031
178 150 1031
9 188 4621
188 9 4621
204 158 1138
158 204 1138
129 1 1579
1 129 1579
208 176 7393
176 208 7393
157 119 5586
119 157 5586
145 312 6029
312 145 6029
207 348 8599
348 207 8599
97 185 7410
185 97 7410
128 31 5159
31 128 5159
300 241 7993
241 300 7993
259 287 8702
287 259 8702
179 2 4513
2 179 4513
319 255 8774
255 319 8774
309 167 3659
167 309 3659
272 106 1042
106 272 1042
191 127 7106
127 191 7106
110 227 5966
227 110 5966
110 365 9125
365 110 9125
271 39 5731
39 271 5731
236 78 8122
78 236 8122
191 283 9024
283 191 9024
75 21 8542
21 75 8542
112 297 737
297 112 737
107 322 2781
322 107 2781
125 327 3371
327 125 3371
332 110 9937
110 332 9937
368 328 2945
328 368 2945
218 250 2577
250 218 2577
220 203 8727
203 220 8727
41 208 5200
208 41 5200
14 106 37
106 14 37
45 9 824
9 45 824
259 303 5119
303 259 5119
89 233 2574
233 89 2574
206 142 4188
142 206 4188
257 103 1433
103 257 1433
32 214 7751
214 32 7751
213 33 4952
33 213 4952
349 362 5842
362 349 5842
375 86 7226
86 375 7226
89 193 393
193 89 393
303 144 199
144 303 199
320 115 1504
115 320 1504
259 349 8800
349 259 8800
187 327 6306
327 187 6306
270 368 9533
368 270 9533
122 155 2351
155 122 2351
89 246 1974
246 89 1974
24 146 6873
146 24 6873
18 166 8428
166 18 8428
130 342 8621
342 130 8621
330 308 3597
308 330 3597
39 121 2426
121 39 2426
331 144 2718
144 331 2718
321 87 9258
87 321 9258
59 20 9620
20 59 9620
172 73 6655
73 172 6655
118 288 1407
288 118 1407
206 86 1049
86 206 1049
295 319 501
319 295 501
80 62 4614
62 80 4614
272 150 6904
150 272 6904
114 308 3357
308 114 3357
177 85 6952
85 177 6952
51 112 7226
112 51 7226
291 126 7460
126 291 7460
198 283 1740
283 198 1740
189 274 8046
274 189 8046
360 278 2273
278 360 2273
62 5 7838
5 62 7838
203 84 4300
84 203 4300
331 275 5946
275 331 5946
174 258 6807
258 174 6807
345 52 9229
52 345 9229
1 287 8221
287 1 8221
170 79 3001
79 170 3001
62 68 8546
68 62 8546
78 236 5320
236 78 5320
65 15 3911
15 65 3911
342 252 6075
252 342 6075
31 215 9526
215 31 9526
335 291 2484
291 335 2484
324 306 4880
306 324 4880
188 280 3327
280 188 3327
370 203 9280
203 370 9280
217 362 3553
362 217 3553
176 94 4711
94 176 4711
279 76 2290
76 279 2290
328 356 9185
356 328 9185
86 233 7344
233 86 7344
221 72 7544
72 221 7544
372 218 3594
218 372 3594
183 351 4706
351 183 4706
370 83 725
83 370 725
170 232 8197
232 170 8197
348 17 1388
17 348 1388
54 83 7509
83 54 7509
237 132 8609
132 237 8609
43 18 6687
18 43 6687
238 193 7369
193 238 7369
132 88 6676
88 132 6676
133 323 4049
323 133 4049
240 130 6318
130 240 6318
372 273 978
273 372 978
123 253 2471
253 123 2471
331 370 169
370 331 169
278 283 5266
283 278 5266
247 198 3522
198 247 3522
232 129 8400
129 232 8400
160 311 8093
311 160 8093
90 78 7161
78 90 7161
18 54 4728
54 18 4728
275 132 4095
132 275 4095
270 6 97
6 270 97
359 176 6920
176 359 6920
68 323 9982
323 68 9982
148 224 160
224 148 160
201 133 5372
133 201 5372
349 344 7110
344 349 7110
167 248 3318
248 167 3318
251 123 1112
123 251 1112
175 8 8926
8 175 8926
193 83 4722
83 193 4722
205 303 3432
303 205 3432
279 281 6628
281 279 6628
136 354 3311
354 136 3311
51 142 5304
142 51 5304
317 335 3744
335 317 3744
273 111 242
111 273 242
17 16 1269
16 17 1269
264 273 7213
273 264 7213
150 59 8721
59 150 8721
356 105 8892
105 356 8892
365 284 4545
284 365 4545
288 360 5730
360 288 5730
6 208 8056
208 6 8056
248 283 3471
283 248 3471
54 114 9891
114 54 9891
176 113 4120
113 176 4120
371 22 1025
22 371 1025
133 239 8888
239 133 8888
102 12 1999
12 102 1999
283 47 6126
47 283 6126
43 117 5440
117 43 5440
98 321 5304
321 98 5304
106 153 7972
153 106 7972
50 361 5072
361 50 5072
225 172 8093
172 225 8093
85 307 9482
307 85 9482
79 8 5272
8 79 5272
54 26 6054
26 54 6054
357 74 4250
74 357 4250
159 68 8096
68 159 8096
9 125 5230
125 9 5230
53 308 1079
308 53 1079
35 298 4154
298 35 4154
368 84 2794
84 368 2794
244 266 6932
266 244 6932
188 128 398
128 188 398
118 370 7238
370 118 7238
199 257 1216
257 199 1216
53 119 1152
119 53 1152
115 319 5990
319 115 5990
279 12 4922
12 279 4922
207 198 886
198 207 886
30 243 623
243 30 623
160 263 2976
263 160 2976
301 124 1627
124 301 1627
286 331 1711
331 286 1711
247 76 2216
76 247 2216
1 25 6261
25 1 6261
151 70 6494
70 151 6494
296 185 9076
185 296 9076
81 326 614
326 81 614
301 310 9949
310 301 9949
97 180 558
180 97 558
298 210 4254
210 298 4254
319 133 7574
133 319 7574
60 304 7388
304 60 7388
245 53 8415
53 245 8415
219 234 903
234 219 903
272 147 9431
147 272 9431
203 360 6144
360 203 6144
98 313 9630
313 98 9630
298 69 6938
69 298 6938
238 243 4576
243 238 4576
199 252 4913
252 199 4913
241 337 9502
337 241 9502
256 270 9410
270 256 9410
248 110 392
110 248 392
231 327 6349
327 231 6349
87 192 2373
192 87 2373
329 93 4557
93 329 4557
151 338 6317
338 151 6317
245 313 8493
313 245 8493
345 181 4461
181 345 4461
75 208 9854
208 75 9854
17 101 8485
101 17 8485
76 345 8450
345 76 8450
314 368 7711
368 314 7711
205 111 8581
111 205 8581
74 169 5033
169 74 5033
361 122 8727
122 361 8727
167 192 2432
192 167 2432
34 60 5320
60 34 5320
145 165 4452
165 145 4452
56 151 581
151 56 581
163 313 3543
313 163 3543
49 150 4470
150 49 4470
298 351 9702
351 298 9702
291 150 8907
150 291 8907
329 261 3085
261 329 3085
52 230 5300
230 52 5300
269 233 1636
233 269 1636
125 139 6101
139 125 6101
58 201 1953
201 58 1953
74 169 6232
169 74 6232
220 74 8114
74 220 8114
255 149 6552
149 255 6552
15 230 8277
230 15 8277
91 374 4573
374 91 4573
309 322 9969
322 309 9969
262 143 6138
143 262 6138
153 3 9318
3 153 9318
374 154 2750
154 374 2750
338 108 7528
108 338 7528
358 95 5344
95 358 5344
243 284 3979
284 243 3979
91 59 5678
59 91 5678
192 225 6167
225 192 6167
149 118 8638
118 149 8638
169 295 4590
295 169 4590
317 138 862
138 317 862
336 114 9936
114 336 9936
272 226 884
226 272 884
78 195 3966
195 78 3966
28 113 4116
113 28 4116
269 113 7536
113 269 7536
72 152 4340
152 72 4340
335 57 1108
57 335 1108
102 177 2220
177 102 2220
212 362 314
362 212 314
214 20 3984
20 214 3984
142 28 4334
28 142 4334
286 149 2616
149 286 2616
126 202 5044
202 126 5044
42 259 2798
259 42 2798
79 9 3169
9 79 3169
88 115 5523
115 88 5523
276 243 2478
243 276 2478
109 45 409
45 109 409
258 31 1267
31 258 1267
154 161 4642
161 154 4642
90 204 5129
204 90 5129
289 263 1571
263 289 1571
53 70 6422
70 53 6422
153 87 9990
87 153 9990
290 109 2072
109 290 2072
363 50 842
50 363 842
65 203 6347
203 65 6347
180 57 2415
57 180 2415
366 16 1818
16 366 1818
110 257 2862
257 110 2862
315 146 688
146 315 688
345 9 6719
9 345 6719
144 2 7362
2 144 7362
170 326 4070
326 170 4070
85 10 6210
10 85 6210
142 19 4029
19 142 4029
253 312 5651
312 253 5651
34 96 5856
96 34 5856
249 36 9935
36 249 9935
40 360 2693
360 40 2693
166 360 8891
360 166 8891
332 142 4676
142 332 4676
189 280 9392
280 189 9392
174 214 2557
214 174 2557
279 328 1402
328 279 1402
193 330 5016
330 193 5016
101 41 2519
41 101 2519
195 178 1450
178 195 1450
343 209 5728
209 343 5728
20 89 409
89 20 409
331 146 1359
146 331 1359
329 182 2487
182 329 2487
347 311 6711
311 347 6711
63 350 937
350 63 937
358 221 3331
221 358 3331
369 301 842
301 369 842
269 134 4555
134 269 4555
115 179 2894
179 115 2894
103 257 4177
257 103 4177
346 121 5986
121 346 5986
299 35 1736
35 299 1736
201 273 600
273 201 600
299 310 7838
310 299 7838
49 344 5414
344 49 5414
369 238 8700
238 369 8700
348 33 253
33 348 253
130 105 6023
105 130 6023
150 10 2671
10 150 2671
175 17 2792
17 175 2792
78 18 6414
18 78 6414
350 163 5764
163 350 5764
341 8 9149
8 341 9149
190 200 9530
200 190 9530
373 369 9004
369 373 9004
216 180 6623
180 216 6623
326 220 7339
220 326 7339
315 33 4391
33 315 4391
290 46 950
46 290 950
372 270 4312
270 372 4312
328 304 3462
304 328 3462
68 147 1138
147 68 1138
104 357 2099
357 104 2099
109 187 3068
187 109 3068
22 191 8387
191 22 8387
106 217 9602
217 106 9602
161 100 6482
100 161 6482
209 115 7752
115 209 7752
278 150 7356
150 278 7356
271 81 9763
81 271 9763
80 237 1770
237 80 1770
314 339 1323
339 314 1323
354 110 4789
110 354 4789
56 283 2766
283 56 2766
360 149 9494
149 360 9494
326 21 3763
21 326 3763
258 251 7473
251 258 7473
262 51 5897
51 262 5897
138 120 3081
120 138 3081
181 160 9794
160 181 9794
24 5 3426
5 24 3426
243 374 2381
374 243 2381
83 194 6880
194 83 6880
225 351 4817
351 225 4817
26 19 9821
19 26 9821
52 282 9103
282 52 9103
222 51 2580
51 222 2580
148 164 7760
164 148 7760
285 296 9156
296 285 9156
340 62 5857
62 340 5857
244 222 4814
222 244 4814
8 2 2678
2 8 2678
222 96 5474
96 222 5474
153 174 7675
174 153 7675
292 327 2818
327 292 2818
133 107 9086
107 133 9086
248 353 9322
353 248 9322
301 310 5086
310 301 5086
7 340 196
340 7 196
205 263 7799
263 205 7799
246 287 2507
287 246 2507
169 348 909
348 169 909
255 113 2796
113 255 2796
357 227 9268
227 357 9268
15 106 6954
106 15 6954
295 290 830
290 295 830
37 235 2201
235 37 2201
31 240 2041
240 31 2041
362 270 3632
270 362 3632
178 100 1619
100 178 1619
212 349 297
349 212 297
227 127 1328
127 227 1328
370 272 5404
272 370 5404
148 267 2237
267 148 2237
32 316 6211
316 32 6211
72 88 4505
88 72 4505
374 65 8035
65 374 8035
371 282 2645
282 371 2645
204 205 7056
205 204 7056
243 115 5179
115 243 5179
321 299 9466
299 321 9466
131 169 9577
169 131 9577
80 100 1074
100 80 1074
279 41 7435
41 279 7435
191 317 3263
317 191 3263
27 89 8805
89 27 8805
122 218 947
218 122 947
305 361 8423
361 305 8423
141 220 7492
220 141 7492
347 186 3998
186 347 3998
297 362 7588
362 297 7588
233 248 9109
248 233 9109
350 199 7811
199 350 7811
76 7 2077
7 76 2077
248 84 8149
84 248 8149
345 367 9443
367 345 9443
140 270 7959
270 140 7959
304 76 993
76 304 993
108 254 1246
254 108 1246
106 29 4437
29 106 4437
367 13 711
13 367 711
206 55 5512
55 206 5512
225 276 6204
276 225 6204
28 214 4886
214 28 4886
122 8 3147
8 122 3147
192 197 4234
197 192 4234
118 199 9780
199 118 9780
282 147 3656
147 282 3656
8 178 9091
178 8 9091
121 271 8556
271 121 8556
373 202 5180
202 373 5180
125 142 3328
142 125 3328
350 353 135
353 350 135
303 200 4759
200 303 4759
199 94 1753
94 199 1753
142 79 2982
79 142 2982
240 335 7558
335 240 7558
122 218 8079
218 122 8079
226 133 413
133 226 413
235 200 2540
200 235 2540
221 44 3323
44 221 3323
343 11 6559
11 343 6559
342 265 7792
265 342 7792
370 214 2403
214 370 2403
312 199 3519
199 312 3519
278 13 6887
13 278 6887
239 126 9989
126 239 9989
333 137 7256
137 333 7256
307 183 150
183 307 150
78 369 5586
369 78 5586
334 182 2781
182 334 2781
200 156 8138
156 200 8138
42 39 67
39 42 67
307 245 3469
245 307 3469
109 27 6360
27 109 6360
111 263 3907
263 111 3907
241 43 3368
43 241 3368
12 11 1930
11 12 1930
290 216 6000
216 290 6000
180 247 1744
247 180 1744
155 307 2970
307 155 2970
139 181 2742
181 139 2742
351 210 8000
210 351 8000
14 321 8909
321 14 8909
256 88 3186
88 256 3186
303 283 178
283 303 178
32 163 1115
163 32 1115
302 93 1505
93 302 1505
22 240 2213
240 22 2213
317 162 1115
162 317 1115
133 269 5262
269 133 5262
6 272 2088
272 6 2088
42 137 4377
137 42 4377
89 373 9987
373 89 9987
223 145 4056
145 223 4056
116 174 3053
174 116 3053
142 154 6203
154 142 6203
281 164 3159
164 281 3159
59 302 5441
302 59 5441
43 102 3708
102 43 3708
276 55 3930
55 276 3930
242 240 1576
240 242 1576
265 89 1028
89 265 1028
240 163 6580
163 240 6580
247 329 4725
329 247 4725
160 29 503
29 160 503
279 62 473
62 279 473
159 172 5758
172 159 5758
91 295 6274
295 91 6274
275 361 5804
361 275 5804
9 23 1168
23 9 1168
6 121 4048
121 6 4048
226 239 5721
239 226 5721
249 211 6199
211 249 6199
203 161 9198
161 203 9198
326 113 1350
113 326 1350
25 33 4625
33 25 4625
331 52 2139
52 331 2139
7 202 9687
202 7 9687
271 243 2149
243 271 2149
132 48 9432
48 132 9432
82 137 7358
137 82 7358
155 129 1751
129 155 1751
70 328 7298
328 70 7298
270 309 7250
309 270 7250
375 33 505
33 375 505
47 91 9445
91 47 9445
158 188 8089
188 158 8089
231 330 9497
330 231 9497
337 126 52
126 337 52
315 331 8724
331 315 8724
152 70 6699
70 152 6699
211 346 1920
346 211 1920
139 307 4581
307 139 4581
208 15 2369
15 208 2369
369 350 7297
350 369 7297
299 311 2934
311 299 2934
121 30 5023
30 121 5023
375 67 3524
67 375 3524
333 278 5763
278 333 5763
2 282 1085
282 2 1085
280 339 3075
339 280 3075
156 41 827
41 156 827
179 175 2312
175 179 2312
73 38 1878
38 73 1878
372 148 451
148 372 451
154 89 9316
89 154 9316
23 170 1352
170 23 1352
17 192 9403
192 17 9403
110 191 8310
191 110 8310
81 71 8796
71 81 8796
289 273 2579
273 289 2579
372 52 267
52 372 267
176 130 4123
130 176 4123
111 112 6418
112 111 6418
203 192 7192
192 203 7192
196 366 6426
366 196 6426
265 177 8156
177 265 8156
267 68 9988
68 267 9988
166 321 7560
321 166 7560
291 296 4489
296 291 4489
365 171 6889
171 365 6889
344 361 7707
361 344 7707
77 339 1428
339 77 1428
57 76 6054
76 57 6054
355 100 5137
100 355 5137
160 250 3624
250 160 3624
276 271 3325
271 276 3325
238 346 2804
346 238 2804
248 132 7228
132 248 7228
92 102 6833
102 92 6833
155 115 2260
115 155 2260
301 272 3892
272 301 3892
299 186 277
186 299 277
292 43 2375
43 292 2375
170 366 6424
366 170 6424
337 302 5452
302 337 5452
143 360 2017
360 143 2017
44 25 8609
25 44 8609
119 258 4150
258 119 4150
121 17 8224
17 121 8224
351 82 2914
82 351 2914
196 259 147
259 196 147
253 306 5005
306 253 5005
265 151 5156
151 265 5156
358 304 4122
304 358 4122
348 66 5429
66 348 5429
326 103 6637
103 326 6637
354 60 3114
60 354 3114
29 303 6989
303 29 6989
152 285 8722
285 152 8722
50 71 5447
71 50 5447
189 91 6787
91 189 6787
96 145 7872
145 96 7872
117 9 4928
9 117 4928
222 195 2018
195 222 2018
369 46 233
46 369 233
69 356 1275
356 69 1275
197 371 2502
371 197 2502
283 331 6178
331 283 6178
93 134 7914
134 93 7914
268 21 7615
21 268 7615
326 182 6981
182 326 6981
115 299 2597
299 115 2597
49 194 1067
194 49 1067
14 271 7549
271 14 7549
374 11 7450
11 374 7450
90 278 3883
278 90 3883
219 209 9812
209 219 9812
182 95 8893
95 182 8893
120 351 5699
351 120 5699
170 315 7467
315 170 7467
12 95 1232
95 12 1232
166 127 5376
127 166 5376
262 13 8547
13 262 8547
243 316 1566
316 243 1566
180 165 3475
165 180 3475
280 81 3243
81 280 3243
144 99 9987
99 144 9987
319 110 7152
110 319 7152
152 254 5570
254 152 5570
244 21 2755
21 244 2755
347 129 8889
129 347 8889
301 26 2270
26 301 2270
120 353 9854
353 120 9854
295 126 8865
126 295 8865
31 289 3724
289 31 3724
315 331 4096
331 315 4096
7 339 1218
339 7 1218
110 26 1421
26 110 1421
186 98 7681
98 186 7681
270 137 4925
137 270 4925
31 335 2125
335 31 2125
175 142 4056
142 175 4056
118 306 907
306 118 907
3 63 4471
63 3 4471
111 366 7662
366 111 7662
151 73 4053
73 151 4053
49 212 7137
212 49 7137
347 312 6586
312 347 6586
142 307 2540
307 142 2540
320 252 559
252 320 559
181 249 5673
249 181 5673
275 202 1364
202 275 1364
218 165 805
165 218 805
328 160 2291
160 328 2291
136 370 7800
370 136 7800
123 280 5480
280 123 5480
25 136 4136
136 25 4136
360 297 2752
297 360 2752
351 70 7652
70 351 7652
173 150 6912
150 173 6912
123 72 4688
72 123 4688
56 354 5601
354 56 5601
366 205 1040
205 366 1040
252 244 9752
244 252 9752
313 319 5413
319 313 5413
306 149 4793
149 306 4793
340 348 6951
348 340 6951
209 91 5874
91 209 5874
186 121 8602
121 186 8602
313 229 4513
229 313 4513
163 234 3162
234 163 3162
242 94 1822
94 242 1822
107 245 345
245 107 345
256 364 9661
364 256 9661
186 165 4877
165 186 4877
82 146 1947
146 82 1947
256 189 2130
189 256 2130
323 42 9368
42 323 9368
170 264 6569
264 170 6569
337 134 9536
134 337 9536
68 346 5537
346 68 5537
280 165 8011
165 280 8011
246 55 3233
55 246 3233
125 133 5287
133 125 5287
227 239 8737
239 227 8737
12 343 8733
343 12 8733
187 284 3763
284 187 3763
159 270 9300
270 159 9300
225 326 2352
326 225 2352
141 162 2120
162 141 2120
39 307 5179
307 39 5179
102 177 5326
177 102 5326
369 336 8153
336 369 8153
44 65 4838
65 44 4838
14 312 6417
312 14 6417
55 315 5287
315 55 5287
126 314 44
314 126 44
16 7 6740
7 16 6740
216 322 5228
322 216 5228
157 174 4869
174 157 4869
89 330 4199
330 89 4199
34 287 8437
287 34 8437
196 275 1350
275 196 1350
207 296 6180
296 207 6180
360 174 9994
174 360 9994
302 163 2800
163 302 2800
344 6 6899
6 344 6899
113 101 7862
101 113 7862
66 177 6378
177 66 6378
281 3 8590
3 281 8590
34 259 7956
259 34 7956
271 93 5919
93 271 5919
231 251 6401
251 231 6401
333 131 9547
131 333 9547
210 36 8850
36 210 8850
265 60 5300
60 265 5300
295 262 2802
262 295 2802
327 101 9194
101 327 9194
116 273 1446
273 116 1446
246 140 2831
140 246 2831
243 211 6261
211 243 6261
194 243 7065
243 194 7065
56 11 4118
11 56 4118
19 214 3731
214 19 3731
17 373 254
373 17 254
7 134 8294
134 7 8294
18 62 2956
62 18 2956
192 108 6543
108 192 6543
62 329 5350
329 62 5350
111 325 5170
325 111 5170
193 328 9934
328 193 9934
199 345 9117
345 199 9117
300 280 3341
280 300 3341
198 250 1598
250 198 1598
140 135 1202
135 140 1202
360 49 8038
49 360 8038
233 73 4294
73 233 4294
135 285 8450
285 135 8450
41 276 9966
276 41 9966
299 350 8209
350 299 8209
161 6 4834
6 161 4834
51 281 7557
281 51 7557
281 285 9126
285 281 9126
310 231 4032
231 310 4032
174 25 9786
25 174 9786
173 200 2657
200 173 2657
36 294 7932
294 36 7932
220 333 5421
333 220 5421
297 243 3177
243 297 3177
134 214 1615
214 134 1615
119 212 6014
212 119 6014
64 153 4396
153 64 4396
367 271 7573
271 367 7573
121 275 5633
275 121 5633
74 345 850
345 74 850
179 199 9949
199 179 9949
173 23 6045
23 173 6045
275 159 2329
159 275 2329
301 318 5458
318 301 5458
246 128 7580
128 246 7580
66 24 9814
24 66 9814
279 98 5482
98 279 5482
347 301 426
301 347 426
355 223 8293
223 355 8293
226 345 449
345 226 449
244 76 895
76 244 895
253 291 7594
291 253 7594
215 65 4555
65 215 4555
133 117 1074
117 133 1074
90 363 5668
363 90 5668
239 90 7125
90 239 7125
373 103 7067
103 373 7067
208 242 6040
242 208 6040
313 260 5376
260 313 5376
296 272 8483
272 296 8483
11 249 2322
249 11 2322
71 60 6539
60 71 6539
9 200 2521
200 9 2521
314 177 2722
177 314 2722
91 293 8300
293 91 8300
267 228 3317
228 267 3317
39 69 1269
69 39 1269
343 105 9360
105 343 9360
20 219 3907
219 20 3907
151 178 4803
178 151 4803
133 330 3542
330 133 3542
41 354 4132
354 41 4132
342 252 1343
252 342 1343
43 362 2243
362 43 2243
337 136 1807
136 337 1807
317 212 3581
212 317 3581
357 216 5416
216 357 5416
125 134 9963
134 125 9963
153 332 5930
332 153 5930
323 42 9017
42 323 9017
3 150 6200
150 3 6200
87 177 3619
177 87 3619
324 55 7158
55 324 7158
338 138 8415
138 338 8415
221 366 4427
366 221 4427
151 368 8918
368 151 8918
221 296 443
296 221 443
278 233 2781
233 278 2781
333 148 3072
148 333 3072
163 86 6567
86 163 6567
347 136 1268
136 347 1268
9 273 3417
273 9 3417
186 195 5858
195 186 5858
301 61 2342
61 301 2342
104 131 2299
131 104 2299
365 297 660
297 365 660
271 37 7813
37 271 7813
68 282 3365
282 68 3365
247 67 6180
67 247 6180
205 179 9685
179 205 9685
95 310 3071
310 95 3071
211 21 3800
21 211 3800
281 94 185
94 281 185
38 43 8961
43 38 8961
220 332 6916
332 220 6916
315 214 4006
214 315 4006
276 29 2777
29 276 2777
185 178 7243
178 185 7243
307 131 2578
131 307 2578
277 354 6899
354 277 6899
252 215 6816
215 252 6816
148 320 1465
320 148 1465
218 200 4875
200 218 4875
33 83 5924
83 33 5924
259 129 9489
129 259 9489
320 370 6932
370 320 6932
211 305 5864
305 211 5864
111 364 1102
364 111 1102
372 150 5688
150 372 5688
267 338 6726
338 267 6726
180 42 5790
42 180 5790
264 17 6489
17 264 6489
52 95 2527
95 52 2527
279 184 7280
184 279 7280
257 115 5780
115 257 5780
287 74 4090
74 287 4090
173 309 5065
309 173 5065
358 20 7719
20 358 7719
305 287 9446
287 305 9446
375 6 9006
6 375 9006
223 192 9738
192 223 9738
203 172 9103
172 203 9103
211 73 2383
73 211 2383
16 341 1819
341 16 1819
257 375 1374
375 257 1374
324 291 5357
291 324 5357
18 277 3191
277 18 3191
47 305 237
305 47 237
294 249 5509
249 294 5509
223 11 480
11 223 480
165 65 1367
65 165 1367
222 14 8226
14 222 8226
236 32 8224
32 236 8224
276 197 5638
197 276 5638
9 94 3437
94 9 3437
31 14 3615
14 31 3615
206 164 2189
164 206 2189
201 104 50
104 201 50
7 167 3137
167 7 3137
73 213 7969
213 73 7969
273 117 713
117 273 713
35 60 7271
60 35 7271
339 361 4944
361 339 4944
223 63 6529
63 223 6529
220 172 1867
172 220 1867
142 12 6983
12 142 6983
252 92 6600
92 252 6600
169 369 6518
369 169 6518
166 180 7513
180 166 7513
98 70 5047
70 98 5047
318 98 9039
98 318 9039
210 255 5161
255 210 5161
36 67 7780
67 36 7780
175 73 3074
73 175 3074
281 12 8855
12 281 8855
361 136 7980
136 361 7980
15 264 7628
264 15 7628
306 339 5167
339 306 5167
243 176 1861
176 243 1861
265 137 3713
137 265 3713
135 175 3670
175 135 3670
149 111 3776
111 149 3776
265 88 4087
88 265 4087
125 61 1380
61 125 1380
150 293 5689
293 150 5689
319 2 3686
2 319 3686
39 232 7012
232 39 7012
52 143 6754
143 52 6754
12 62 9220
62 12 9220
228 287 6224
287 228 6224
369 21 2981
21 369 2981
101 142 4794
142 101 4794
139 311 6894
311 139 6894
75 63 2863
63 75 2863
34 23 9159
23 34 9159
251 15 1493
15 251 1493
227 130 8159
130 227 8159
96 362 3862
362 96 3862
95 352 7511
352 95 7511
99 354 5524
354 99 5524
248 118 973
118 248 973
333 158 6740
158 333 6740
223 209 9489
209 223 9489
211 84 63
84 211 63
113 135 3635
135 113 3635
90 260 6340
260 90 6340
343 195 1189
195 343 1189
276 360 8925
360 276 8925
326 340 9818
340 326 9818
336 80 2371
80 336 2371
275 38 3128
38 275 3128
75 355 9523
355 75 9523
125 194 7566
194 125 7566
153 339 4870
339 153 4870
345 155 3892
155 345 3892
272 129 5225
129 272 5225
327 140 3627
140 327 3627
93 175 6027
175 93 6027
91 32 7480
32 91 7480
202 69 2404
69 202 2404
150 291 9025
291 150 9025
37 317 980
317 37 980
339 290 4237
290 339 4237
363 214 8513
214 363 8513
233 256 149
256 233 149
59 41 225
41 59 225
195 116 9208
116 195 9208
160 319 8284
319 160 8284
348 219 6342
219 348 6342
133 14 2345
14 133 2345
59 114 9127
114 59 9127
146 195 7604
195 146 7604
100 17 230
17 100 230
11 314 1858
314 11 1858
314 295 9946
295 314 9946
295 9 7201
9 295 7201
81 242 928
242 81 928
272 13 9703
13 272 9703
83 222 5970
222 83 5970
102 318 3954
318 102 3954
126 86 7797
86 126 7797
231 352 334
352 231 334
77 14 7264
14 77 7264
343 88 4996
88 343 4996
187 238 2302
238 187 2302
271 72 8206
72 271 8206
354 350 8162
350 354 8162
338 344 6499
344 338 6499
187 263 317
263 187 317
323 34 9482
34 323 9482
238 294 1760
294 238 1760
249 254 6
254 249 6
324 331 3598
331 324 3598
45 309 3242
309 45 3242
229 84 2067
84 229 2067
302 305 9697
305 302 9697
352 198 9839
198 352 9839
250 220 4026
220 250 4026
223 143 1587
143 223 1587
100 163 2448
163 100 2448
289 329 7806
329 289 7806
283 292 7170
292 283 7170
219 192 8974
192 219 8974
85 130 7045
130 85 7045
109 211 9164
211 109 9164
240 113 7805
113 240 7805
167 150 3071
150 167 3071
274 171 4962
171 274 4962
74 277 8516
277 74 8516
324 82 9929
82 324 9929
19 177 9576
177 19 9576
70 86 9497
86 70 9497
360 373 1286
373 360 1286
118 127 4768
127 118 4768
194 186 9542
186 194 9542
152 152 7831
