162 48068
97 93 2306
93 97 2306
115 83 64
83 115 64
35 21 9742
21 35 9742
55 22 1603
22 55 1603
124 159 7464
159 124 7464
89 43 9082
43 89 9082
22 135 5842
135 22 5842
118 93 3483
93 118 3483
121 144 3370
144 121 3370
61 152 8603
152 61 8603
98 155 5552
155 98 5552
137 113 5191
113 137 5191
123 50 3421
50 123 3421
32 70 5380
70 32 5380
114 57 4658
57 114 4658
25 38 2728
38 25 2728
47 24 2086
24 47 2086
125 59 8684
59 125 8684
135 148 9555
148 135 9555
130 157 4552
157 130 4552
158 62 4544
62 158 4544
155 28 204
28 155 204
45 85 9431
85 45 9431
82 21 7023
21 82 7023
84 110 1108
110 84 1108
58 117 5696
117 58 5696
83 123 2224
123 83 2224
104 67 6213
67 104 6213
154 157 3843
157 154 3843
133 19 1421
19 133 1421
92 3 2518
3 92 2518
32 40 1255
40 32 1255
110 27 784
27 110 784
60 57 1038
57 60 1038
47 41 4097
41 47 4097
80 23 2389
23 80 2389
99 111 9125
111 99 9125
6 23 9801
23 6 9801
33 6 1149
6 33 1149
60 14 1568
14 60 1568
157 115 2357
115 157 2357
77 101 3814
101 77 3814
95 16 7636
16 95 7636
74 76 1448
76 74 1448
139 44 4057
44 139 4057
90 130 1832
130 90 1832
160 84 5864
84 160 5864
76 43 5771
43 76 5771
22 87 6040
87 22 6040
148 28 3370
28 148 3370
30 58 8706
58 30 8706
28 56 106
56 28 106
108 156 7346
156 108 7346
26 82 2048
82 26 2048
38 42 2554
42 38 2554
40 8 8296
8 40 8296
15 17 4070
17 15 4070
122 64 8841
64 122 8841
49 145 2272
145 49 2272
152 136 8460
136 152 8460
5 151 6347
151 5 6347
144 104 6782
104 144 6782
41 61 7856
61 41 7856
73 111 6417
111 73 6417
13 152 2317
152 13 2317
87 161 8333
161 87 8333
51 82 8106
82 51 8106
115 87 530
87 115 530
87 77 2281
77 87 2281
18 6 4237
6 18 4237
99 1 5197
1 99 5197
53 157 4278
157 53 4278
129 15 6632
15 129 6632
58 46 774
46 58 774
16 88 6903
88 16 6903
123 39 2734
39 123 2734
18 59 9664
59 18 9664
149 160 1635
160 149 1635
135 133 4134
133 135 4134
18 66 7860
66 18 7860
62 29 5161
29 62 5161
32 143 9766
143 32 9766
45 45 3474
45 45 3474
80 118 7826
118 80 7826
102 143 473
143 102 473
149 15 2480
15 149 2480
97 90 8744
90 97 8744
97 26 1946
26 97 1946
28 109 3707
109 28 3707
53 23 7013
23 53 7013
110 34 2046
34 110 2046
145 110 8193
110 145 8193
139 136 429
136 139 429
146 42 5917
42 146 5917
153 152 8164
152 153 8164
67 134 4001
134 67 4001
148 26 3387
26 148 3387
126 85 1405
85 126 1405
112 43 9592
43 112 9592
14 74 1655
74 14 1655
70 100 3403
100 70 3403
74 147 7412
147 74 7412
49 73 9240
73 49 9240
48 162 8361
162 48 8361
123 26 3158
26 123 3158
62 37 4257
37 62 4257
7 88 365
88 7 365
126 33 2384
33 126 2384
109 54 625
54 109 625
19 156 7317
156 19 7317
60 42 5472
42 60 5472
95 47 187
47 95 187
138 60 2475
60 138 2475
53 32 1955
32 53 1955
127 43 3323
43 127 3323
38 110 4468
110 38 4468
105 130 2947
130 105 2947
62 153 8893
153 62 8893
69 55 8380
55 69 8380
45 58 2844
58 45 2844
145 35 8703
35 145 8703
22 63 3694
63 22 3694
92 152 2198
152 92 2198
60 112 290
112 60 290
24 143 7974
143 24 7974
41 131 4098
131 41 4098
78 146 7014
146 78 7014
150 111 5869
111 150 5869
153 128 4580
128 153 4580
47 117 3578
117 47 3578
35 18 3789
18 35 3789
116 99 7542
99 116 7542
71 87 9873
87 71 9873
65 136 5852
136 65 5852
126 110 6366
110 126 6366
7 127 407
127 7 407
53 23 7081
23 53 7081
7 88 4249
88 7 4249
148 67 3843
67 148 3843
80 8 9145
8 80 9145
96 29 9769
29 96 9769
48 37 5657
37 48 5657
17 56 1720
56 17 1720
125 149 4910
149 125 4910
145 117 7313
117 145 7313
30 65 4755
65 30 4755
159 34 8734
34 159 8734
146 74 6274
74 146 6274
132 88 6025
88 132 6025
18 1 7228
1 18 7228
19 121 948
121 19 948
82 5 6600
5 82 6600
57 154 2178
154 57 2178
32 147 7930
147 32 7930
70 30 1011
30 70 1011
53 33 4191
33 53 4191
57 3 8837
3 57 8837
114 31 1602
31 114 1602
62 140 105
140 62 105
60 29 2211
29 60 2211
112 77 6143
77 112 6143
106 61 7983
61 106 7983
109 16 1214
16 109 1214
62 23 4173
23 62 4173
114 91 3468
91 114 3468
94 120 8708
120 94 8708
2 57 8645
57 2 8645
20 62 4818
62 20 4818
42 19 3039
19 42 3039
75 63 393
63 75 393
149 85 7740
85 149 7740
32 28 3009
28 32 3009
42 155 187
155 42 187
82 55 2177
55 82 2177
73 161 5297
161 73 5297
124 113 3951
113 124 3951
43 4 2553
4 43 2553
92 131 8610
131 92 8610
38 116 5210
116 38 5210
99 42 8887
42 99 8887
128 22 6096
22 128 6096
83 124 2534
124 83 2534
122 44 2913
44 122 2913
125 146 3660
146 125 3660
68 146 3647
146 68 3647
125 157 8088
157 125 8088
55 5 5430
5 55 5430
81 128 1826
128 81 1826
29 59 1735
59 29 1735
127 69 7412
69 127 7412
103 141 4926
141 103 4926
133 114 5407
114 133 5407
74 147 2538
147 74 2538
2 92 9333
92 2 9333
158 149 5119
149 158 5119
52 33 2507
33 52 2507
27 76 7882
76 27 7882
3 77 9385
77 3 9385
20 136 5421
136 20 5421
18 59 3948
59 18 3948
27 45 3665
45 27 3665
68 6 2505
6 68 2505
117 11 7583
11 117 7583
55 9 5828
9 55 5828
4 32 7264
32 4 7264
20 88 693
88 20 693
55 7 1086
7 55 1086
65 45 6795
45 65 6795
32 51 8282
51 32 8282
122 62 4785
62 122 4785
51 51 9846
51 51 9846
120 155 9564
155 120 9564
144 127 9791
127 144 9791
19 143 2216
143 19 2216
147 82 2711
82 147 2711
152 104 1247
104 152 1247
146 115 2288
115 146 2288
153 149 2493
149 153 2493
73 154 9556
154 73 9556
81 137 6947
137 81 6947
29 46 6615
46 29 6615
120 83 9773
83 120 9773
138 141 2323
141 138 2323
117 31 3939
31 117 3939
69 25 8925
25 69 8925
66 52 4009
52 66 4009
74 132 8075
132 74 8075
1 74 871
74 1 871
120 48 5278
48 120 5278
93 39 3747
39 93 3747
22 61 9237
61 22 9237
46 63 3269
63 46 3269
129 131 5775
131 129 5775
147 150 6604
150 147 6604
24 125 2775
125 24 2775
28 9 1783
9 28 1783
89 105 7853
105 89 7853
71 156 4770
156 71 4770
69 22 9772
22 69 9772
129 149 5908
149 129 5908
110 15 2453
15 110 2453
152 112 8998
112 152 8998
83 100 9047
100 83 9047
3 158 8139
158 3 8139
49 118 4609
118 49 4609
11 82 9557
82 11 9557
111 162 3035
162 111 3035
130 147 5713
147 130 5713
140 124 5848
124 140 5848
42 71 7920
71 42 7920
114 72 8401
72 114 8401
79 10 4018
10 79 4018
121 24 3464
24 121 3464
30 34 5091
34 30 5091
59 113 2782
113 59 2782
97 39 5016
39 97 5016
80 11 1278
11 80 1278
8 88 9740
88 8 9740
117 160 8526
160 117 8526
67 56 9249
56 67 9249
8 3 5049
3 8 5049
149 66 9764
66 149 9764
158 75 8340
75 158 8340
40 147 4372
147 40 4372
77 138 9599
138 77 9599
135 21 3975
21 135 3975
34 155 2836
155 34 2836
41 44 3420
44 41 3420
4 48 6242
48 4 6242
116 138 8713
138 116 8713
148 154 387
154 148 387
129 49 2218
49 129 2218
56 117 141
117 56 141
131 129 5686
129 131 5686
140 3 6750
3 140 6750
146 104 7766
104 146 7766
128 149 9680
149 128 9680
70 15 7631
15 70 7631
149 116 9539
116 149 9539
42 9 8090
9 42 8090
162 85 6841
85 162 6841
102 111 4793
111 102 4793
89 80 6623
80 89 6623
115 75 3524
75 115 3524
105 122 9058
122 105 9058
119 48 1674
48 119 1674
157 63 7499
63 157 7499
99 121 1117
121 99 1117
82 37 120
37 82 120
70 135 5622
135 70 5622
18 69 6056
69 18 6056
154 60 9490
60 154 9490
35 133 7619
133 35 7619
125 125 4703
125 125 4703
80 25 7846
25 80 7846
6 140 4220
140 6 4220
52 74 8881
74 52 8881
69 7 1719
7 69 1719
14 29 1797
29 14 1797
114 23 6068
23 114 6068
28 9 9871
9 28 9871
135 48 3024
48 135 3024
27 59 8670
59 27 8670
36 145 7020
145 36 7020
20 31 8089
31 20 8089
129 13 9169
13 129 9169
22 19 8851
19 22 8851
110 80 9744
80 110 9744
48 162 5415
162 48 5415
63 80 5684
80 63 5684
117 106 9935
106 117 9935
153 23 6936
23 153 6936
123 53 5815
53 123 5815
29 144 1106
144 29 1106
143 71 6810
71 143 6810
54 33 1679
33 54 1679
131 61 5873
61 131 5873
41 52 2697
52 41 2697
150 144 1184
144 150 1184
130 111 5994
111 130 5994
28 84 3901
84 28 3901
161 36 8413
36 161 8413
14 29 5470
29 14 5470
90 5 9077
5 90 9077
160 55 5274
55 160 5274
132 14 2352
14 132 2352
70 38 3745
38 70 3745
60 155 8386
155 60 8386
14 70 5755
70 14 5755
105 53 8549
53 105 8549
76 158 5927
158 76 5927
40 33 8938
33 40 8938
35 86 1155
86 35 1155
62 31 7256
31 62 7256
142 157 5064
157 142 5064
65 106 6963
106 65 6963
124 52 1730
52 124 1730
104 36 4250
36 104 4250
65 155 1046
155 65 1046
101 11 6981
11 101 6981
55 56 9623
56 55 9623
28 90 4355
90 28 4355
95 51 7700
51 95 7700
75 90 3975
90 75 3975
73 121 3752
121 73 3752
5 146 3888
146 5 3888
124 145 361
145 124 361
90 68 1825
68 90 1825
27 143 9346
143 27 9346
125 1 9367
1 125 9367
151 20 291
20 151 291
1 86 2916
86 1 2916
97 76 3335
76 97 3335
140 125 8802
125 140 8802
23 2 4132
2 23 4132
95 61 7260
61 95 7260
142 36 8594
36 142 8594
29 133 749
133 29 749
120 162 5777
162 120 5777
128 160 1807
160 128 1807
83 90 351
90 83 351
116 139 1257
139 116 1257
118 83 4378
83 118 4378
48 108 5712
108 48 5712
66 53 1225
53 66 1225
136 141 3663
141 136 3663
65 127 3220
127 65 3220
63 126 4575
126 63 4575
161 156 8112
156 161 8112
156 28 1580
28 156 1580
62 45 5095
45 62 5095
1 38 2086
38 1 2086
69 92 7599
92 69 7599
13 122 8138
122 13 8138
139 40 8542
40 139 8542
19 91 8613
91 19 8613
29 142 3280
142 29 3280
100 106 7556
106 100 7556
81 51 3656
51 81 3656
6 19 9367
19 6 9367
48 97 9927
97 48 9927
115 46 4615
46 115 4615
83 149 172
149 83 172
113 74 497
74 113 497
152 96 3825
96 152 3825
75 71 2754
71 75 2754
35 101 9762
101 35 9762
30 55 6307
55 30 6307
115 109 8065
109 115 8065
14 78 5397
78 14 5397
27 76 7789
76 27 7789
31 122 6534
122 31 6534
73 20 7678
20 73 7678
155 135 2986
135 155 2986
12 120 3594
120 12 3594
108 52 1603
52 108 1603
160 45 8738
45 160 8738
3 147 6921
147 3 6921
48 79 4404
79 48 4404
44 130 4251
130 44 4251
11 25 510
25 11 510
141 94 1984
94 141 1984
159 55 3668
55 159 3668
110 86 8004
86 110 8004
118 106 4478
106 118 4478
19 34 2204
34 19 2204
98 93 5363
93 98 5363
19 120 3075
120 19 3075
157 7 7635
7 157 7635
150 14 1110
14 150 1110
95 39 6759
39 95 6759
111 116 8439
116 111 8439
57 139 8330
139 57 8330
13 5 820
5 13 820
128 114 1356
114 128 1356
108 32 4249
32 108 4249
52 116 6566
116 52 6566
44 25 2823
25 44 2823
98 64 7891
64 98 7891
88 79 3338
79 88 3338
147 38 8878
38 147 8878
121 107 1200
107 121 1200
6 122 5884
122 6 5884
161 104 3225
104 161 3225
107 99 9843
99 107 9843
109 135 1659
135 109 1659
157 126 5452
126 157 5452
62 121 9362
121 62 9362
155 53 1756
53 155 1756
115 147 8764
147 115 8764
73 93 1687
93 73 1687
87 113 7277
113 87 7277
62 133 7168
133 62 7168
67 84 658
84 67 658
114 38 4813
38 114 4813
44 78 5646
78 44 5646
86 120 8076
120 86 8076
136 110 3176
110 136 3176
58 27 1755
27 58 1755
65 62 7729
62 65 7729
132 145 5537
145 132 5537
105 16 5234
16 105 5234
88 76 3424
76 88 3424
14 114 597
114 14 597
27 22 4799
22 27 4799
111 15 4063
15 111 4063
59 38 2196
38 59 2196
38 77 2664
77 38 2664
154 132 4127
132 154 4127
86 109 4066
109 86 4066
44 40 674
40 44 674
118 138 2984
138 118 2984
25 109 399
109 25 399
55 128 2744
128 55 2744
106 113 8610
113 106 8610
135 12 9893
12 135 9893
1 149 1519
149 1 1519
48 26 9325
26 48 9325
22 88 7051
88 22 7051
157 25 1041
25 157 1041
145 134 7931
134 145 7931
75 86 5161
86 75 5161
162 69 6621
69 162 6621
21 42 162
42 21 162
41 105 7687
105 41 7687
151 123 519
123 151 519
68 12 2593
12 68 2593
40 5 8788
5 40 8788
61 126 5344
126 61 5344
142 120 548
120 142 548
159 57 8959
57 159 8959
104 95 645
95 104 645
145 110 2156
110 145 2156
41 93 9242
93 41 9242
121 63 9173
63 121 9173
135 18 9429
18 135 9429
5 109 7646
109 5 7646
81 39 3094
39 81 3094
158 8 5333
8 158 5333
27 26 8900
26 27 8900
101 133 4308
133 101 4308
112 116 226
116 112 226
62 71 6554
71 62 6554
137 139 8510
139 137 8510
96 109 8042
109 96 8042
14 25 3998
25 14 3998
60 8 8333
8 60 8333
10 7 8157
7 10 8157
121 70 5111
70 121 5111
137 15 1651
15 137 1651
150 67 7122
67 150 7122
142 44 4073
44 142 4073
1 52 7505
52 1 7505
8 22 8364
22 8 8364
47 124 6397
124 47 6397
110 100 2830
100 110 2830
47 157 9019
157 47 9019
25 142 2403
142 25 2403
135 67 9383
67 135 9383
86 19 7373
19 86 7373
15 99 4946
99 15 4946
114 26 5118
26 114 5118
95 152 1867
152 95 1867
161 72 2933
72 161 2933
64 101 377
101 64 377
150 85 4628
85 150 4628
134 137 3426
137 134 3426
78 162 768
162 78 768
126 156 7163
156 126 7163
103 1 4303
1 103 4303
91 79 46
79 91 46
90 143 1369
143 90 1369
128 5 2654
5 128 2654
3 28 3828
28 3 3828
2 27 281
27 2 281
142 14 4501
14 142 4501
139 8 4504
8 139 4504
71 35 2539
35 71 2539
40 134 6575
134 40 6575
117 48 234
48 117 234
82 161 3967
161 82 3967
135 2 7537
2 135 7537
24 52 2179
52 24 2179
115 31 2054
31 115 2054
95 133 3667
133 95 3667
108 54 8289
54 108 8289
78 50 4242
50 78 4242
46 71 7148
71 46 7148
21 161 446
161 21 446
129 103 88
103 129 88
74 158 1387
158 74 1387
129 74 2513
74 129 2513
108 68 7976
68 108 7976
78 25 7623
25 78 7623
27 147 2821
147 27 2821
52 157 877
157 52 877
60 48 6668
48 60 6668
68 90 6818
90 68 6818
144 123 6016
123 144 6016
126 103 9708
103 126 9708
130 157 1302
157 130 1302
42 40 1318
40 42 1318
69 131 346
131 69 346
91 90 3331
90 91 3331
142 72 6477
72 142 6477
64 36 4261
36 64 4261
54 61 2843
61 54 2843
41 119 5936
119 41 5936
131 135 4195
135 131 4195
109 141 4285
141 109 4285
91 135 3124
135 91 3124
127 61 6087
61 127 6087
40 50 353
50 40 353
110 65 1772
65 110 1772
139 16 4927
16 139 4927
146 102 4569
102 146 4569
12 22 1918
22 12 1918
113 21 8730
21 113 8730
79 51 3632
51 79 3632
154 154 5530
154 154 5530
99 15 4038
15 99 4038
64 72 4553
72 64 4553
108 34 8995
34 108 8995
17 98 2275
98 17 2275
162 127 1821
127 162 1821
2 117 972
117 2 972
107 40 2072
40 107 2072
74 156 6471
156 74 6471
49 26 1958
26 49 1958
110 141 4284
141 110 4284
20 112 7547
112 20 7547
23 161 5382
161 23 5382
94 59 5295
59 94 5295
65 75 7614
75 65 7614
101 45 5459
45 101 5459
60 88 5381
88 60 5381
1 1 6609
1 1 6609
38 104 4072
104 38 4072
108 11 3578
11 108 3578
124 81 423
81 124 423
106 55 4290
55 106 4290
88 63 8365
63 88 8365
50 88 6700
88 50 6700
161 64 839
64 161 839
83 150 476
150 83 476
144 145 6678
145 144 6678
12 62 1918
62 12 1918
109 141 8504
141 109 8504
111 29 4344
29 111 4344
26 9 3203
9 26 3203
65 70 8510
70 65 8510
82 132 5441
132 82 5441
46 17 3896
17 46 3896
2 143 5713
143 2 5713
67 50 5902
50 67 5902
81 29 4932
29 81 4932
68 72 8445
72 68 8445
84 54 9945
54 84 9945
29 88 4205
88 29 4205
41 86 1443
86 41 1443
117 131 8625
131 117 8625
74 79 8717
79 74 8717
73 137 8058
137 73 8058
44 85 5361
85 44 5361
130 55 3477
55 130 3477
143 60 9867
60 143 9867
12 142 7113
142 12 7113
127 17 4753
17 127 4753
156 129 2089
129 156 2089
143 126 8438
126 143 8438
83 63 6140
63 83 6140
89 126 8665
126 89 8665
8 57 6943
57 8 6943
50 5 196
5 50 196
4 126 252
126 4 252
109 22 9413
22 109 9413
159 148 7199
148 159 7199
112 135 6515
135 112 6515
104 29 9288
29 104 9288
69 67 9830
67 69 9830
69 139 4304
139 69 4304
56 22 2655
22 56 2655
109 157 1746
157 109 1746
21 75 4289
75 21 4289
49 19 1731
19 49 1731
89 151 3888
151 89 3888
50 24 459
24 50 459
87 8 3257
8 87 3257
122 142 4363
142 122 4363
119 125 9893
125 119 9893
8 24 9402
24 8 9402
60 10 2999
10 60 2999
157 94 9203
94 157 9203
132 87 2511
87 132 2511
54 145 3539
145 54 3539
30 14 3977
14 30 3977
62 101 4224
101 62 4224
103 119 1667
119 103 1667
45 74 8830
74 45 8830
91 100 6513
100 91 6513
93 8 7216
8 93 7216
150 73 5353
73 150 5353
95 66 6327
66 95 6327
57 63 2423
63 57 2423
102 38 6813
38 102 6813
35 56 1703
56 35 1703
47 146 5085
146 47 5085
77 96 2505
96 77 2505
146 32 4781
32 146 4781
158 135 4068
135 158 4068
77 140 1836
140 77 1836
60 79 2258
79 60 2258
78 148 1310
148 78 1310
132 23 2149
23 132 2149
9 22 6719
22 9 6719
112 45 5218
45 112 5218
118 109 2914
109 118 2914
67 62 8213
62 67 8213
136 35 664
35 136 664
31 109 8516
109 31 8516
67 121 3527
121 67 3527
139 111 284
111 139 284
19 89 3877
89 19 3877
59 57 7164
57 59 7164
96 57 8071
57 96 8071
64 74 7596
74 64 7596
75 132 9093
132 75 9093
15 20 5927
20 15 5927
147 129 4280
129 147 4280
28 116 8338
116 28 8338
124 45 2435
45 124 2435
17 136 704
136 17 704
80 98 8321
98 80 8321
103 86 6772
86 103 6772
84 35 6407
35 84 6407
27 22 7201
22 27 7201
107 111 2767
111 107 2767
3 90 1020
90 3 1020
26 143 7623
143 26 7623
73 148 7110
148 73 7110
10 133 2472
133 10 2472
112 4 4010
4 112 4010
147 47 133
47 147 133
33 35 9979
35 33 9979
149 103 5099
103 149 5099
24 143 6716
143 24 6716
4 27 7206
27 4 7206
137 161 8089
161 137 8089
46 93 1022
93 46 1022
50 39 3272
39 50 3272
83 24 5997
24 83 5997
91 29 5665
29 91 5665
132 82 4889
82 132 4889
60 14 4148
14 60 4148
148 3 3598
3 148 3598
70 105 11
105 70 11
38 9 9000
9 38 9000
7 102 8632
102 7 8632
114 14 8100
14 114 8100
61 60 2441
60 61 2441
106 65 7897
65 106 7897
142 147 8751
147 142 8751
114 58 6798
58 114 6798
53 53 4181
53 53 4181
44 94 9973
94 44 9973
58 99 9131
99 58 9131
156 152 3016
152 156 3016
117 11 8249
11 117 8249
146 113 9984
113 146 9984
143 55 801
55 143 801
24 117 5038
117 24 5038
108 158 1884
158 108 1884
11 131 428
131 11 428
124 40 2148
40 124 2148
41 114 97
114 41 97
31 153 1322
153 31 1322
15 131 5802
131 15 5802
56 135 359
135 56 359
40 155 7818
155 40 7818
27 31 5857
31 27 5857
131 122 8031
122 131 8031
107 55 3870
55 107 3870
103 11 9348
11 103 9348
38 77 8460
77 38 8460
145 55 5343
55 145 5343
66 153 6141
153 66 6141
140 133 8728
133 140 8728
8 115 9771
115 8 9771
32 155 5779
155 32 5779
108 138 5147
138 108 5147
149 111 8616
111 149 8616
123 16 7700
16 123 7700
85 136 4152
136 85 4152
48 137 3237
137 48 3237
6 118 2114
118 6 2114
46 119 1641
119 46 1641
147 31 3976
31 147 3976
118 146 31
146 118 31
81 69 4397
69 81 4397
130 139 1329
139 130 1329
145 17 1354
17 145 1354
36 63 4917
63 36 4917
1 52 6383
52 1 6383
87 89 201
89 87 201
74 27 2229
27 74 2229
14 7 7943
7 14 7943
73 149 9646
149 73 9646
158 27 802
27 158 802
90 109 1980
109 90 1980
25 29 6323
29 25 6323
146 73 1424
73 146 1424
63 59 2355
59 63 2355
148 113 7496
113 148 7496
102 84 2103
84 102 2103
132 47 8982
47 132 8982
86 150 9994
150 86 9994
116 7 9637
7 116 9637
78 49 118
49 78 118
71 13 5804
13 71 5804
143 136 5745
136 143 5745
158 79 2369
79 158 2369
139 154 36
154 139 36
112 8 1634
8 112 1634
141 20 4309
20 141 4309
49 146 7606
146 49 7606
54 158 6853
158 54 6853
153 88 1111
88 153 1111
114 103 9887
103 114 9887
51 31 1574
31 51 1574
42 30 2986
30 42 2986
125 113 9612
113 125 9612
16 55 2003
55 16 2003
44 83 9716
83 44 9716
44 78 4114
78 44 4114
74 69 6482
69 74 6482
162 153 7878
153 162 7878
118 156 5542
156 118 5542
159 43 3969
43 159 3969
26 78 7209
78 26 7209
113 91 4028
91 113 4028
130 120 3344
120 130 3344
109 28 5579
28 109 5579
119 84 6731
84 119 6731
32 147 8782
147 32 8782
75 32 6448
32 75 6448
107 161 6386
161 107 6386
33 75 1621
75 33 1621
19 151 5347
151 19 5347
29 152 5190
152 29 5190
54 16 8103
16 54 8103
102 156 2571
156 102 2571
82 57 2930
57 82 2930
56 102 5777
102 56 5777
116 73 9298
73 116 9298
109 121 2768
121 109 2768
42 96 5713
96 42 5713
119 69 1346
69 119 1346
53 57 5479
57 53 5479
25 17 7113
17 25 7113
101 159 8264
159 101 8264
149 30 8934
30 149 8934
94 36 7901
36 94 7901
135 55 6453
55 135 6453
124 81 6698
81 124 6698
126 69 4972
69 126 4972
95 64 8304
64 95 8304
68 153 6823
153 68 6823
15 93 6987
93 15 6987
17 92 7469
92 17 7469
70 38 5954
38 70 5954
90 20 4202
20 90 4202
22 53 1422
53 22 1422
14 7 1926
7 14 1926
125 133 6838
133 125 6838
127 99 6850
99 127 6850
145 80 9991
80 145 9991
129 57 6218
57 129 6218
140 136 7477
136 140 7477
152 61 7403
61 152 7403
127 90 7
90 127 7
161 151 7039
151 161 7039
15 34 8674
34 15 8674
110 121 8231
121 110 8231
40 124 4307
124 40 4307
113 65 1025
65 113 1025
149 100 5092
100 149 5092
112 93 1564
93 112 1564
144 154 8875
154 144 8875
124 125 8582
125 124 8582
33 1 1030
1 33 1030
86 52 2821
52 86 2821
30 136 7464
136 30 7464
7 23 2057
23 7 2057
30 78 8830
78 30 8830
113 22 7438
22 113 7438
61 100 4790
100 61 4790
24 124 3843
124 24 3843
108 118 7321
118 108 7321
73 46 657
46 73 657
17 120 1335
120 17 1335
132 45 1028
45 132 1028
88 82 3911
82 88 3911
14 8 5702
8 14 5702
46 41 2717
41 46 2717
74 141 1912
141 74 1912
102 103 7056
103 102 7056
2 98 334
98 2 334
85 87 968
87 85 968
2 124 7451
124 2 7451
143 100 1489
100 143 1489
66 133 3883
133 66 3883
126 112 2278
112 126 2278
103 52 8636
52 103 8636
123 35 4909
35 123 4909
162 3 284
3 162 284
119 119 9524
119 119 9524
14 6 7841
6 14 7841
125 144 1905
144 125 1905
40 13 8890
13 40 8890
41 50 3661
50 41 3661
48 12 4176
12 48 4176
97 86 8351
86 97 8351
39 4 2645
4 39 2645
130 2 7089
2 130 7089
118 124 8646
124 118 8646
22 80 5217
80 22 5217
96 112 3056
112 96 3056
47 84 7088
84 47 7088
112 5 8239
5 112 8239
13 80 6436
80 13 6436
121 58 6828
58 121 6828
24 61 2392
61 24 2392
14 75 561
75 14 561
115 11 4316
11 115 4316
75 151 6121
151 75 6121
48 87 269
87 48 269
138 107 5086
107 138 5086
57 103 2385
103 57 2385
90 123 1008
123 90 1008
97 59 8361
59 97 8361
153 106 939
106 153 939
30 162 5370
162 30 5370
160 77 9456
77 160 9456
37 160 8171
160 37 8171
57 51 4487
51 57 4487
9 129 8027
129 9 8027
71 12 489
12 71 489
124 57 3643
57 124 3643
146 6 7455
6 146 7455
123 23 1341
23 123 1341
107 101 2783
101 107 2783
105 77 9022
77 105 9022
78 10 8563
10 78 8563
47 53 8520
53 47 8520
19 87 5658
87 19 5658
162 5 6461
5 162 6461
88 152 7136
152 88 7136
13 113 3469
113 13 3469
153 157 4263
157 153 4263
129 132 3438
132 129 3438
143 4 2136
4 143 2136
80 106 4286
106 80 4286
89 128 678
128 89 678
64 117 5911
117 64 5911
59 143 6838
143 59 6838
21 103 5918
103 21 5918
61 59 396
59 61 396
56 86 7310
86 56 7310
71 92 4182
92 71 4182
138 76 7617
76 138 7617
111 53 6879
53 111 6879
98 133 31
133 98 31
71 115 7522
115 71 7522
27 97 4925
97 27 4925
112 58 1038
58 112 1038
79 18 7695
18 79 7695
161 59 3401
59 161 3401
59 16 5540
16 59 5540
16 87 9649
87 16 9649
98 86 6991
86 98 6991
122 104 8581
104 122 8581
67 25 2202
25 67 2202
103 126 2097
126 103 2097
102 84 3078
84 102 3078
115 110 8357
110 115 8357
43 145 8367
145 43 8367
92 70 8225
70 92 8225
1 62 9765
62 1 9765
108 101 1424
101 108 1424
26 105 1721
105 26 1721
9 14 1518
14 9 1518
134 117 3008
117 134 3008
155 53 3359
53 155 3359
12 66 192
66 12 192
150 154 8818
154 150 8818
5 124 3989
124 5 3989
24 39 467
39 24 467
103 151 2402
151 103 2402
108 75 9773
75 108 9773
83 7 2550
7 83 2550
32 68 9427
68 32 9427
139 35 581
35 139 581
128 126 7836
126 128 7836
153 46 7911
46 153 7911
157 42 2481
42 157 2481
17 26 5541
26 17 5541
141 93 5773
93 141 5773
160 17 1297
17 160 1297
30 58 7152
58 30 7152
50 27 2174
27 50 2174
48 3 2237
3 48 2237
32 151 9295
151 32 9295
4 65 602
65 4 602
72 159 3089
159 72 3089
5 48 8356
48 5 8356
12 156 7779
156 12 7779
77 122 6126
122 77 6126
113 77 6867
77 113 6867
123 109 2282
109 123 2282
5 106 595
106 5 595
72 60 3033
60 72 3033
97 142 673
142 97 673
88 64 4640
64 88 4640
153 97 6567
97 153 6567
149 155 6755
155 149 6755
111 155 4833
155 111 4833
53 134 1942
134 53 1942
20 63 7497
63 20 7497
107 90 3472
90 107 3472
115 85 7239
85 115 7239
162 102 2123
102 162 2123
17 61 5361
61 17 5361
20 48 2296
48 20 2296
134 160 762
160 134 762
112 33 1981
33 112 1981
122 19 1909
19 122 1909
87 62 9181
62 87 9181
130 146 8165
146 130 8165
62 49 3376
49 62 3376
154 84 5868
84 154 5868
76 86 6091
86 76 6091
92 38 3175
38 92 3175
24 142 500
142 24 500
46 136 6694
136 46 6694
83 124 6324
124 83 6324
118 52 5030
52 118 5030
12 35 9890
35 12 9890
46 155 6084
155 46 6084
52 8 7320
8 52 7320
38 108 9681
108 38 9681
39 124 8459
124 39 8459
25 155 1442
155 25 1442
17 119 63
119 17 63
153 7 2415
7 153 2415
26 161 7790
161 26 7790
138 161 4095
161 138 4095
46 64 9833
64 46 9833
131 15 5046
15 131 5046
61 5 3254
5 61 3254
3 6 5857
6 3 5857
162 68 20
68 162 20
162 38 3520
38 162 3520
96 28 6650
28 96 6650
8 121 3301
121 8 3301
88 124 3923
124 88 3923
33 112 1152
112 33 1152
124 77 1951
77 124 1951
96 1 7919
1 96 7919
50 75 6708
75 50 6708
88 2 8446
2 88 8446
6 110 5106
110 6 5106
26 35 4403
35 26 4403
4 109 3622
109 4 3622
84 73 3387
73 84 3387
114 124 5931
124 114 5931
89 157 9907
157 89 9907
67 14 7052
14 67 7052
143 69 3180
69 143 3180
68 125 9426
125 68 9426
77 60 1763
60 77 1763
156 140 9215
140 156 9215
136 57 2097
57 136 2097
14 63 9413
63 14 9413
15 82 4090
82 15 4090
23 103 5845
103 23 5845
159 85 5556
85 159 5556
150 144 8909
144 150 8909
50 21 6948
21 50 6948
152 155 5551
155 152 5551
100 127 3269
127 100 3269
49 108 2849
108 49 2849
89 33 3427
33 89 3427
148 36 1658
36 148 1658
56 110 3673
110 56 3673
6 104 5186
104 6 5186
131 98 1429
98 131 1429
126 16 2282
16 126 2282
108 14 2825
14 108 2825
34 33 6918
33 34 6918
133 101 4146
101 133 4146
41 11 5746
11 41 5746
50 83 4804
83 50 4804
54 20 2918
20 54 2918
38 70 3913
70 38 3913
56 159 8148
159 56 8148
91 92 1593
92 91 1593
58 53 3054
53 58 3054
121 112 574
112 121 574
34 63 5413
63 34 5413
114 69 2400
69 114 2400
26 111 233
111 26 233
112 79 9840
79 112 9840
119 140 5201
140 119 5201
116 46 6058
46 116 6058
56 104 7189
104 56 7189
95 71 4773
71 95 4773
106 136 8764
136 106 8764
85 87 9717
87 85 9717
26 82 7806
82 26 7806
10 34 8781
34 10 8781
101 120 2404
120 101 2404
159 11 4271
11 159 4271
158 120 5635
120 158 5635
150 8 9621
8 150 9621
22 27 6882
27 22 6882
118 50 5431
50 118 5431
101 50 7462
50 101 7462
29 108 7316
108 29 7316
18 150 2841
150 18 2841
18 87 3132
87 18 3132
105 103 5729
103 105 5729
137 13 9584
13 137 9584
140 9 4194
9 140 4194
41 121 9049
121 41 9049
95 138 216
138 95 216
51 8 9659
8 51 9659
152 29 2433
29 152 2433
40 88 5298
88 40 5298
109 113 1304
113 109 1304
44 38 7828
38 44 7828
116 51 9703
51 116 9703
37 68 5723
68 37 5723
54 109 555
109 54 555
36 140 6193
140 36 6193
83 76 5834
76 83 5834
159 128 6404
128 159 6404
56 63 9169
63 56 9169
134 77 6022
77 134 6022
12 118 1731
118 12 1731
89 66 9567
66 89 9567
19 79 7884
79 19 7884
90 68 5266
68 90 5266
108 109 2852
109 108 2852
69 40 569
40 69 569
141 66 9418
66 141 9418
153 75 4397
75 153 4397
35 43 7304
43 35 7304
8 107 5517
107 8 5517
97 21 7480
21 97 7480
80 40 4486
40 80 4486
101 58 6621
58 101 6621
84 24 6028
24 84 6028
145 67 1782
67 145 1782
142 155 5991
155 142 5991
129 131 1841
131 129 1841
147 75 7656
75 147 7656
99 102 1897
102 99 1897
4 61 8201
61 4 8201
45 20 7096
20 45 7096
50 64 4459
64 50 4459
59 75 6547
75 59 6547
139 154 2238
154 139 2238
82 69 5570
69 82 5570
10 108 484
108 10 484
115 100 307
100 115 307
37 147 3630
147 37 3630
154 92 1465
92 154 1465
49 45 1888
45 49 1888
21 111 6981
111 21 6981
43 73 8221
73 43 8221
86 53 4221
53 86 4221
41 42 9703
42 41 9703
37 98 5777
98 37 5777
97 23 9952
23 97 9952
36 24 2346
24 36 2346
155 117 5812
117 155 5812
89 62 4845
62 89 4845
61 53 5086
53 61 5086
118 102 5577
102 118 5577
21 68 376
68 21 376
87 76 1296
76 87 1296
72 50 4014
50 72 4014
113 66 1897
66 113 1897
105 148 9093
148 105 9093
106 161 8910
161 106 8910
113 39 1884
39 113 1884
151 118 1594
118 151 1594
150 88 3896
88 150 3896
137 27 3263
27 137 3263
161 26 9066
26 161 9066
5 154 1986
154 5 1986
80 125 8467
125 80 8467
34 141 3182
141 34 3182
22 54 3865
54 22 3865
36 39 11
39 36 11
72 2 5930
2 72 5930
146 19 3595
19 146 3595
124 98 1443
98 124 1443
21 143 3473
143 21 3473
19 120 5887
120 19 5887
129 47 6869
47 129 6869
56 115 7579
115 56 7579
139 90 3820
90 139 3820
39 7 7002
7 39 7002
36 52 7794
52 36 7794
31 104 1011
104 31 1011
152 46 5088
46 152 5088
51 52 6798
52 51 6798
117 83 1765
83 117 1765
162 111 5197
111 162 5197
82 85 5175
85 82 5175
160 107 9508
107 160 9508
55 45 6288
45 55 6288
63 99 2264
99 63 2264
9 39 1126
39 9 1126
35 112 4343
112 35 4343
30 135 9756
135 30 9756
157 145 4543
145 157 4543
110 114 1123
114 110 1123
154 129 2757
129 154 2757
117 93 229
93 117 229
52 138 1217
138 52 1217
146 134 4618
134 146 4618
119 61 3535
61 119 3535
85 39 5913
39 85 5913
158 102 7920
102 158 7920
133 117 5911
117 133 5911
109 93 7648
93 109 7648
22 6 6705
6 22 6705
63 32 2562
32 63 2562
2 16 932
16 2 932
155 24 2424
24 155 2424
7 18 9895
18 7 9895
130 66 4277
66 130 4277
106 87 486
87 106 486
25 40 7293
40 25 7293
42 40 7246
40 42 7246
52 129 4258
129 52 4258
81 129 534
129 81 534
123 119 7276
119 123 7276
38 118 7184
118 38 7184
24 63 3177
63 24 3177
135 8 2533
8 135 2533
14 32 4386
32 14 4386
86 86 7049
86 86 7049
144 117 5884
117 144 5884
58 48 3422
48 58 3422
158 134 696
134 158 696
85 66 6239
66 85 6239
153 23 4531
23 153 4531
147 151 6985
151 147 6985
111 90 1559
90 111 1559
98 136 6660
136 98 6660
75 71 8748
71 75 8748
147 80 1621
80 147 1621
17 81 6940
81 17 6940
76 54 2812
54 76 2812
62 152 768
152 62 768
107 70 7147
70 107 7147
149 86 5970
86 149 5970
137 55 8818
55 137 8818
71 88 9679
88 71 9679
88 25 7846
25 88 7846
45 86 6773
86 45 6773
97 101 3748
101 97 3748
59 23 3775
23 59 3775
124 2 1958
2 124 1958
11 142 2168
142 11 2168
80 71 9857
71 80 9857
123 99 7396
99 123 7396
115 17 7368
17 115 7368
63 129 505
129 63 505
142 14 5627
14 142 5627
151 101 6482
101 151 6482
109 4 8663
4 109 8663
142 64 9986
64 142 9986
39 146 7236
146 39 7236
157 132 6258
132 157 6258
41 26 6581
26 41 6581
105 58 6369
58 105 6369
28 43 1095
43 28 1095
79 117 6528
117 79 6528
16 87 536
87 16 536
106 74 469
74 106 469
108 108 5726
108 108 5726
145 123 3248
123 145 3248
129 85 4618
85 129 4618
143 4 4147
4 143 4147
146 90 4686
90 146 4686
45 29 5334
29 45 5334
97 104 2599
104 97 2599
17 51 4249
51 17 4249
29 130 499
130 29 499
44 48 4030
48 44 4030
53 141 3464
141 53 3464
143 108 2172
108 143 2172
88 146 5970
146 88 5970
34 97 9618
97 34 9618
119 135 3743
135 119 3743
65 75 8606
75 65 8606
143 13 5044
13 143 5044
48 45 929
45 48 929
46 140 429
140 46 429
150 148 7682
148 150 7682
82 42 333
42 82 333
16 144 1823
144 16 1823
11 44 9283
44 11 9283
131 11 2331
11 131 2331
11 156 1829
156 11 1829
152 52 5395
52 152 5395
91 82 4511
82 91 4511
30 110 1049
110 30 1049
70 117 9730
117 70 9730
57 154 9330
154 57 9330
135 3 3382
3 135 3382
89 117 7738
117 89 7738
144 32 7820
32 144 7820
79 31 3165
31 79 3165
156 67 4780
67 156 4780
80 42 7991
42 80 7991
53 73 2764
73 53 2764
162 78 205
78 162 205
18 148 3415
148 18 3415
67 85 1988
85 67 1988
58 61 8344
61 58 8344
50 116 9305
116 50 9305
152 102 7062
102 152 7062
109 28 259
28 109 259
60 130 1548
130 60 1548
32 139 6757
139 32 6757
67 123 3131
123 67 3131
85 45 7947
45 85 7947
118 82 6178
82 118 6178
149 157 9887
157 149 9887
48 91 5135
91 48 5135
125 148 7455
148 125 7455
33 131 9851
131 33 9851
52 112 648
112 52 648
136 111 5153
111 136 5153
11 8 3068
8 11 3068
153 131 6057
131 153 6057
77 67 2714
67 77 2714
118 39 8277
39 118 8277
26 98 1816
98 26 1816
154 57 2494
57 154 2494
92 76 760
76 92 760
82 120 2166
120 82 2166
27 65 80
65 27 80
3 159 2782
159 3 2782
22 42 2808
42 22 2808
133 41 486
41 133 486
79 7 6996
7 79 6996
25 93 5332
93 25 5332
9 105 8950
105 9 8950
131 39 5077
39 131 5077
26 22 9411
22 26 9411
4 130 7360
130 4 7360
84 44 5665
44 84 5665
55 36 3464
36 55 3464
22 159 4099
159 22 4099
146 33 6000
33 146 6000
118 99 9934
99 118 9934
23 97 8964
97 23 8964
17 42 5878
42 17 5878
81 23 9840
23 81 9840
96 92 6249
92 96 6249
18 47 8704
47 18 8704
132 112 7059
112 132 7059
127 124 1029
124 127 1029
25 56 1543
56 25 1543
133 23 5766
23 133 5766
70 48 5633
48 70 5633
1 96 4065
96 1 4065
82 87 8616
87 82 8616
101 145 8272
145 101 8272
126 41 3056
41 126 3056
30 118 205
118 30 205
7 75 4115
75 7 4115
4 31 3722
31 4 3722
111 10 7715
10 111 7715
63 57 1121
57 63 1121
132 74 9991
74 132 9991
53 138 3779
138 53 3779
47 12 4498
12 47 4498
30 58 8371
58 30 8371
10 25 5675
25 10 5675
127 17 1983
17 127 1983
105 39 9687
39 105 9687
155 13 3945
13 155 3945
133 58 4372
58 133 4372
123 159 6256
159 123 6256
152 119 2196
119 152 2196
113 65 5863
65 113 5863
136 11 4366
11 136 4366
150 148 6046
148 150 6046
17 136 3060
136 17 3060
116 63 2676
63 116 2676
41 155 8254
155 41 8254
149 150 2835
150 149 2835
62 34 1165
34 62 1165
146 40 1240
40 146 1240
139 149 6896
149 139 6896
4 33 2152
33 4 2152
122 68 6508
68 122 6508
25 29 9685
29 25 9685
31 36 1034
36 31 1034
64 109 8214
109 64 8214
46 111 6953
111 46 6953
3 48 1934
48 3 1934
20 99 4586
99 20 4586
21 157 6177
157 21 6177
125 112 307
112 125 307
15 81 6410
81 15 6410
46 73 2313
73 46 2313
99 143 2492
143 99 2492
1 26 9258
26 1 9258
15 39 9423
39 15 9423
130 37 1235
37 130 1235
24 116 2101
116 24 2101
58 54 7585
54 58 7585
77 78 1731
78 77 1731
47 107 3443
107 47 3443
98 148 4872
148 98 4872
96 66 5516
66 96 5516
44 51 3253
51 44 3253
1 128 9026
128 1 9026
133 108 4219
108 133 4219
142 128 6021
128 142 6021
111 68 5289
68 111 5289
128 151 7108
151 128 7108
159 49 1116
49 159 1116
17 144 4101
144 17 4101
129 11 8292
11 129 8292
58 148 3249
148 58 3249
14 11 4991
11 14 4991
45 111 40
111 45 40
74 151 3828
151 74 3828
79 129 1447
129 79 1447
137 34 1727
34 137 1727
159 155 3444
155 159 3444
125 34 1346
34 125 1346
126 40 2705
40 126 2705
157 12 9359
12 157 9359
160 99 4706
99 160 4706
142 91 1311
91 142 1311
103 83 6118
83 103 6118
57 102 4672
102 57 4672
44 151 2202
151 44 2202
33 139 457
139 33 457
122 74 6243
74 122 6243
75 49 4289
49 75 4289
93 122 5596
122 93 5596
98 49 8978
49 98 8978
58 127 2619
127 58 2619
95 134 3730
134 95 3730
66 91 558
91 66 558
11 86 2624
86 11 2624
108 140 5887
140 108 5887
49 161 2910
161 49 2910
137 115 7423
115 137 7423
120 103 983
103 120 983
160 153 2963
153 160 2963
74 75 1497
75 74 1497
161 35 1289
35 161 1289
136 18 3268
18 136 3268
36 37 1793
37 36 1793
2 44 9896
44 2 9896
12 92 7415
92 12 7415
78 130 6012
130 78 6012
151 138 1587
138 151 1587
85 5 5050
5 85 5050
143 53 1481
53 143 1481
112 118 3946
118 112 3946
97 42 7161
42 97 7161
90 75 9820
75 90 9820
29 38 5552
38 29 5552
155 148 8106
148 155 8106
157 8 5019
8 157 5019
116 81 4520
81 116 4520
71 27 7823
27 71 7823
113 100 3886
100 113 3886
156 119 3888
119 156 3888
140 158 2695
158 140 2695
86 159 3921
159 86 3921
52 13 1873
13 52 1873
154 27 6009
27 154 6009
32 32 8040
32 32 8040
95 55 6151
55 95 6151
105 8 8648
8 105 8648
48 141 3052
141 48 3052
82 162 9024
162 82 9024
77 116 7090
116 77 7090
18 83 1088
83 18 1088
150 75 7387
75 150 7387
94 139 1611
139 94 1611
147 84 4039
84 147 4039
121 55 4542
55 121 4542
143 137 2173
137 143 2173
48 137 65
137 48 65
14 7 9499
7 14 9499
4 145 357
145 4 357
118 52 2489
52 118 2489
123 48 7430
48 123 7430
138 86 4593
86 138 4593
129 65 521
65 129 521
49 105 9222
105 49 9222
69 107 9988
107 69 9988
159 160 7759
160 159 7759
160 66 920
66 160 920
98 8 5265
8 98 5265
26 105 9484
105 26 9484
122 133 7283
133 122 7283
4 106 8927
106 4 8927
126 148 440
148 126 440
68 11 4802
11 68 4802
83 100 4660
100 83 4660
148 154 4559
154 148 4559
158 109 1513
109 158 1513
36 2 3433
2 36 3433
154 160 9870
160 154 9870
79 33 2160
33 79 2160
82 51 3385
51 82 3385
114 79 5304
79 114 5304
18 46 9646
46 18 9646
159 3 6781
3 159 6781
109 133 5990
133 109 5990
135 69 7062
69 135 7062
37 128 5638
128 37 5638
31 101 4081
101 31 4081
1 106 2869
106 1 2869
40 14 9878
14 40 9878
123 116 5121
116 123 5121
12 134 5513
134 12 5513
155 64 5161
64 155 5161
7 94 8147
94 7 8147
120 107 9681
107 120 9681
12 28 4683
28 12 4683
106 27 5857
27 106 5857
130 47 8241
47 130 8241
110 127 4554
127 110 4554
132 83 2848
83 132 2848
122 14 7058
14 122 7058
64 37 8066
37 64 8066
161 48 6595
48 161 6595
14 74 9687
74 14 9687
55 161 4315
161 55 4315
116 110 2658
110 116 2658
61 75 8661
75 61 8661
119 93 8922
93 119 8922
75 71 7309
71 75 7309
54 32 4192
32 54 4192
100 89 6993
89 100 6993
139 25 5149
25 139 5149
65 43 5816
43 65 5816
75 125 2280
125 75 2280
102 74 9504
74 102 9504
104 52 6586
52 104 6586
55 139 4953
139 55 4953
83 40 8127
40 83 8127
151 81 7231
81 151 7231
10 126 7694
126 10 7694
54 86 154
86 54 154
88 100 264
100 88 264
1 87 2006
87 1 2006
122 8 8574
8 122 8574
99 154 8132
154 99 8132
31 149 6752
149 31 6752
52 102 3869
102 52 3869
74 14 3780
14 74 3780
119 86 2988
86 119 2988
72 140 8885
140 72 8885
125 85 4629
85 125 4629
17 83 4749
83 17 4749
20 112 5139
112 20 5139
12 97 9828
97 12 9828
101 30 2561
30 101 2561
50 59 5924
59 50 5924
120 157 7181
157 120 7181
2 19 1875
19 2 1875
8 90 4047
90 8 4047
34 21 9344
21 34 9344
17 118 1499
118 17 1499
29 110 8212
110 29 8212
87 11 1832
11 87 1832
105 145 8998
145 105 8998
43 65 1146
65 43 1146
50 91 1650
91 50 1650
26 24 6898
24 26 6898
44 40 7857
40 44 7857
117 111 9635
111 117 9635
29 60 6220
60 29 6220
162 34 4101
34 162 4101
100 67 6608
67 100 6608
100 1 4950
1 100 4950
65 84 3269
84 65 3269
59 38 9814
38 59 9814
119 34 7046
34 119 7046
76 107 4511
107 76 4511
41 120 1425
120 41 1425
133 5 6056
5 133 6056
118 63 1475
63 118 1475
129 151 4732
151 129 4732
42 52 2006
52 42 2006
112 68 9913
68 112 9913
14 17 8918
17 14 8918
148 95 603
95 148 603
6 57 2915
57 6 2915
55 49 5981
49 55 5981
52 15 5488
15 52 5488
154 39 4761
39 154 4761
55 159 3218
159 55 3218
144 36 574
36 144 574
161 76 925
76 161 925
106 108 5245
108 106 5245
35 135 4112
135 35 4112
25 80 4137
80 25 4137
38 121 4284
121 38 4284
145 41 9476
41 145 9476
107 45 5241
45 107 5241
68 126 8150
126 68 8150
69 133 5057
133 69 5057
27 134 3144
134 27 3144
125 21 3379
21 125 3379
70 162 1156
162 70 1156
55 151 4844
151 55 4844
88 74 1864
74 88 1864
91 69 5772
69 91 5772
53 54 5921
54 53 5921
73 48 2023
48 73 2023
101 135 3122
135 101 3122
77 28 8438
28 77 8438
98 153 3428
153 98 3428
123 43 5638
43 123 5638
107 55 2004
55 107 2004
157 121 186
121 157 186
125 128 4641
128 125 4641
136 26 4707
26 136 4707
93 137 4173
137 93 4173
89 39 2109
39 89 2109
56 87 5794
87 56 5794
136 65 1397
65 136 1397
124 43 6689
43 124 6689
86 6 7109
6 86 7109
130 122 9131
122 130 9131
109 14 7984
14 109 7984
52 139 9522
139 52 9522
130 106 6916
106 130 6916
121 31 4791
31 121 4791
4 128 5674
128 4 5674
19 110 3351
110 19 3351
155 64 7631
64 155 7631
117 113 3970
113 117 3970
71 13 1864
13 71 1864
18 58 2603
58 18 2603
126 58 9222
58 126 9222
43 30 6415
30 43 6415
97 153 4370
153 97 4370
74 71 8430
71 74 8430
146 10 6507
10 146 6507
36 86 4947
86 36 4947
134 153 591
153 134 591
61 124 4875
124 61 4875
118 59 4211
59 118 4211
85 20 3793
20 85 3793
93 136 8535
136 93 8535
89 20 4523
20 89 4523
23 9 6574
9 23 6574
23 13 7844
13 23 7844
29 130 9786
130 29 9786
76 30 9191
30 76 9191
91 101 1477
101 91 1477
131 57 8539
57 131 8539
67 23 5870
23 67 5870
46 50 6073
50 46 6073
74 138 925
138 74 925
116 46 1870
46 116 1870
35 99 1575
99 35 1575
33 111 1542
111 33 1542
129 60 4812
60 129 4812
25 114 9549
114 25 9549
120 157 7467
157 120 7467
103 76 9095
76 103 9095
102 103 2151
103 102 2151
148 108 1808
108 148 1808
28 72 6380
72 28 6380
47 77 2565
77 47 2565
158 40 9525
40 158 9525
50 153 5936
153 50 5936
64 27 6577
27 64 6577
80 67 2273
67 80 2273
49 23 600
23 49 600
118 60 8637
60 118 8637
13 7 6060
7 13 6060
48 21 1571
21 48 1571
148 52 6331
52 148 6331
143 48 1543
48 143 1543
46 81 4455
81 46 4455
99 25 8938
25 99 8938
14 155 3209
155 14 3209
73 32 502
32 73 502
95 155 8684
155 95 8684
67 30 2352
30 67 2352
49 37 1288
37 49 1288
87 40 7879
40 87 7879
140 19 4855
19 140 4855
32 42 1402
42 32 1402
95 8 558
8 95 558
141 90 5059
90 141 5059
85 62 8310
62 85 8310
12 151 5969
151 12 5969
82 52 3621
52 82 3621
91 113 2976
113 91 2976
152 143 1440
143 152 1440
123 124 636
124 123 636
10 136 8215
136 10 8215
11 65 6240
65 11 6240
84 67 6366
67 84 6366
97 161 2564
161 97 2564
99 59 9221
59 99 9221
74 129 6645
129 74 6645
161 114 3006
114 161 3006
104 92 3211
92 104 3211
144 51 5114
51 144 5114
72 117 5219
117 72 5219
130 5 4439
5 130 4439
67 39 9056
39 67 9056
127 46 8341
46 127 8341
68 49 2251
49 68 2251
83 82 5303
82 83 5303
56 45 1898
45 56 1898
122 25 2107
25 122 2107
37 97 7323
97 37 7323
46 61 4042
61 46 4042
73 132 6108
132 73 6108
144 152 4496
152 144 4496
98 58 7989
58 98 7989
98 89 997
89 98 997
127 107 5343
107 127 5343
99 56 9934
56 99 9934
149 102 5585
102 149 5585
74 138 6915
138 74 6915
53 66 2688
66 53 2688
29 80 7742
80 29 7742
8 55 9960
55 8 9960
42 42 2284
42 42 2284
151 28 6075
28 151 6075
15 28 8184
28 15 8184
98 94 5548
94 98 5548
135 16 8736
16 135 8736
31 150 3165
150 31 3165
17 4 1194
4 17 1194
2 1 2078
1 2 2078
79 73 4303
73 79 4303
107 50 8266
50 107 8266
117 32 7311
32 117 7311
90 43 1307
43 90 1307
97 65 3735
65 97 3735
79 7 4269
7 79 4269
3 21 1388
21 3 1388
97 71 2516
71 97 2516
96 7 8213
7 96 8213
42 19 578
19 42 578
106 54 9449
54 106 9449
76 21 5020
21 76 5020
153 107 4023
107 153 4023
63 64 9744
64 63 9744
46 142 3941
142 46 3941
78 43 5995
43 78 5995
37 63 6887
63 37 6887
61 103 2302
103 61 2302
23 38 6225
38 23 6225
54 68 6690
68 54 6690
95 19 2061
19 95 2061
21 136 1272
136 21 1272
55 128 8262
128 55 8262
61 114 5967
