0 546 280 420 315 547 270 521 408 582 726 36 426 412 455 468 443 491 461 598 411 323 400 624 495 525 356 412 404 501 334 515 576 466 400 364 232 412 243 511 441 338 344 473 310 385 379 332 301 534 359 435 555 375 439 536 524 597 495 578 499 528 524 478 454 324 118 542 336 498 452 451 624 452 431 494 509 488 480 565 422 523 363 589 469 217 241 433 542 634 377 516 484 397 734 621 422 568 213 485 405 499 93 506 459 193 435 219 441 489 488 383 571 601 424 249 575 476 424 429 544 345 503 433 257 424 350 443 268 455 337 489 473 327 333 510 413 444 425 411 375 494 649 605 501 560 386 445 459 485 460 408 602 536 596 375 427 524 393 532 407 526 561 593 443 417 373 530 506 492 342 465 525 454 551 592 319 548 402 477 458 329 558 480 374 441 371 559 477 415 392 428 629 401 196 509 509 352 547 559 486 440 413 498 429 418 395 413 502 625 412 658 742 437 410 544 511 505 302 438 448 426 398 422 532 402 343 433 428 558 441 459 377 546 436 446 268 561 398 342 340 369 372 628 233 576 524 333 
546 0 409 468 429 270 399 224 289 482 351 510 288 318 93 523 357 409 326 312 563 327 475 506 133 388 469 299 277 367 488 453 523 104 417 371 386 276 403 281 401 367 395 241 439 539 384 312 349 329 413 539 432 292 192 401 441 222 444 418 231 299 347 351 255 444 664 377 410 419 229 447 489 457 271 457 568 429 359 19 303 186 351 590 447 371 401 422 407 572 453 492 285 418 405 293 427 411 373 271 325 419 453 427 342 353 275 373 311 340 374 371 436 261 508 401 437 339 287 508 197 482 166 409 436 483 496 238 407 410 404 339 554 338 381 373 393 569 285 220 382 334 382 616 164 418 366 305 534 535 324 442 453 205 456 256 242 387 395 333 362 312 530 455 439 304 533 662 303 408 353 396 350 92 518 327 348 189 312 340 322 408 183 320 395 523 331 296 455 406 496 324 308 264 350 416 352 341 371 536 497 573 448 338 292 403 365 388 365 487 239 521 441 458 544 425 374 377 365 412 433 511 267 324 277 229 203 256 288 349 490 332 419 443 301 273 421 590 279 395 469 419 489 361 469 439 319 384 
280 409 0 140 349 475 284 425 297 409 623 244 415 426 316 482 340 248 381 437 431 225 414 527 276 314 323 241 389 436 348 307 337 305 360 359 246 314 257 368 383 235 235 404 324 399 279 320 203 304 356 407 421 272 274 467 421 494 380 399 432 466 244 403 343 424 398 379 56 231 372 297 480 466 379 397 646 371 398 428 311 387 294 547 371 231 255 408 416 358 193 236 323 294 454 432 322 288 227 336 419 393 187 258 330 207 382 233 299 422 382 314 502 462 144 151 409 265 229 443 441 225 367 391 401 144 364 381 275 367 445 424 440 279 235 299 381 376 435 246 266 316 546 502 344 349 354 455 345 205 363 310 523 405 559 264 406 313 295 426 304 377 361 427 289 246 387 332 424 249 264 381 437 317 447 411 216 474 333 264 361 313 455 395 271 384 439 490 197 373 112 312 469 252 210 312 229 411 518 279 438 372 133 446 280 376 298 326 291 537 227 629 562 333 554 433 298 227 233 340 406 306 255 363 437 237 357 153 427 278 372 422 97 451 367 281 12 458 287 326 60 89 92 562 431 365 462 392 
420 468 140 0 407 445 415 397 259 545 623 384 486 449 375 502 363 388 308 297 439 286 545 443 370 408 320 307 413 520 488 447 477 364 409 391 386 375 358 438 339 330 95 440 375 419 195 290 264 444 445 463 515 270 298 383 419 494 462 259 385 474 379 487 213 422 538 239 196 187 444 267 471 454 335 313 644 437 314 487 281 282 383 656 432 371 356 451 389 314 308 376 183 317 370 292 238 244 367 426 443 349 327 398 379 347 339 373 372 516 406 363 418 521 284 291 549 359 319 583 441 340 339 347 317 284 504 435 380 507 536 380 347 416 232 393 428 516 478 270 222 272 557 612 442 443 401 498 485 345 279 371 450 404 625 234 362 407 335 450 327 467 501 567 259 312 527 455 394 389 404 521 525 376 443 289 326 390 422 358 277 319 455 365 294 244 395 523 337 434 28 359 520 342 350 452 185 412 544 419 575 512 89 402 370 437 214 333 385 532 271 585 440 324 552 403 392 321 343 401 467 421 345 372 420 261 396 293 481 418 482 468 237 413 283 305 152 568 257 306 200 229 48 534 411 459 516 362 
315 429 349 407 0 232 219 458 206 531 573 279 444 361 336 417 346 418 410 396 457 272 349 568 309 405 305 246 317 450 283 464 525 338 349 313 181 361 192 397 390 284 312 426 259 334 358 229 250 437 308 433 472 209 237 485 358 444 492 427 341 261 522 391 252 361 433 479 293 428 355 426 573 361 280 438 590 376 367 448 126 321 320 538 418 166 190 284 399 583 326 494 282 343 622 477 401 470 122 365 354 448 242 455 359 142 284 168 328 438 345 340 520 495 402 198 458 356 258 378 419 294 400 382 469 493 299 346 217 404 340 455 422 276 282 390 410 393 374 209 324 343 344 551 381 440 383 394 429 442 402 357 551 450 445 173 376 404 218 389 353 406 579 476 418 251 322 530 333 417 291 414 312 337 489 437 265 416 359 357 402 278 405 304 320 390 220 410 546 364 435 341 569 281 145 456 411 374 496 525 435 389 457 347 309 367 339 370 382 471 210 530 588 383 491 342 391 394 259 387 397 375 284 331 359 200 292 432 377 621 398 372 390 360 385 244 361 507 196 291 409 326 441 577 82 456 427 182 
547 270 475 445 232 0 335 356 365 358 341 511 474 196 247 570 316 299 363 468 541 354 205 498 219 335 496 300 153 357 499 400 401 236 360 299 325 432 414 271 484 307 471 373 375 537 250 388 376 205 356 517 308 337 291 438 486 212 429 501 109 29 433 227 387 489 665 255 486 459 123 194 526 593 354 368 519 430 316 251 344 318 294 580 455 382 412 412 418 448 454 368 417 291 511 425 293 629 354 375 203 297 464 360 389 364 358 338 358 443 271 314 473 393 460 420 389 286 288 594 187 486 298 492 372 566 515 114 385 400 447 329 430 385 408 320 347 509 393 314 343 417 112 395 334 370 320 413 477 497 334 401 434 361 494 332 374 334 390 227 238 334 406 407 186 305 544 538 429 300 400 386 80 248 370 205 326 421 333 285 332 357 173 403 271 401 414 286 541 443 417 362 469 311 361 292 570 461 503 495 544 513 476 421 333 441 269 344 312 556 315 604 356 251 420 485 319 248 343 371 471 567 314 258 420 305 359 342 444 549 366 208 378 519 338 349 487 439 355 344 482 519 437 493 314 386 195 414 
270 399 284 415 219 335 0 291 290 435 616 234 406 296 306 352 334 284 345 412 392 207 130 540 324 409 240 304 288 385 218 399 460 295 130 248 116 296 127 395 171 230 354 306 40 269 408 216 185 418 243 368 439 267 323 339 416 489 428 448 383 306 457 362 268 337 388 426 228 323 336 402 508 298 301 410 566 341 364 418 306 337 196 319 322 101 125 340 426 518 261 378 298 289 626 454 443 457 97 369 289 383 177 390 252 77 305 103 326 373 379 176 374 452 337 133 399 360 308 313 436 229 233 163 459 428 234 327 152 339 315 453 203 211 217 394 394 328 282 295 259 238 447 497 385 444 367 302 364 377 348 261 486 420 480 259 157 408 277 423 299 410 483 417 394 309 257 311 376 285 226 349 255 307 443 447 211 432 235 361 346 213 450 350 266 171 361 466 481 299 396 325 542 285 80 302 398 460 375 513 370 324 392 368 313 302 389 206 386 458 296 501 598 329 467 428 395 398 194 291 332 310 282 306 402 286 227 437 312 562 333 343 381 276 320 330 296 453 282 226 344 261 376 428 301 460 391 387 
521 224 425 397 458 356 291 0 317 498 575 485 422 334 131 497 386 419 400 352 572 343 421 522 149 392 469 303 293 490 463 457 539 120 357 375 315 316 378 378 439 338 302 257 283 414 444 341 365 345 393 548 448 321 221 474 470 446 473 387 247 339 363 367 271 432 639 393 439 457 245 403 599 497 309 497 659 433 399 243 332 202 331 610 476 346 376 323 457 588 457 508 301 369 609 309 487 562 348 287 341 435 428 237 346 328 313 302 309 356 393 311 509 277 517 384 529 343 291 524 421 480 58 447 527 467 479 254 403 464 437 436 446 194 397 377 391 540 325 249 274 372 468 638 368 427 364 320 514 552 364 470 469 245 474 285 134 391 424 349 378 328 546 547 411 308 508 554 384 420 179 450 390 132 523 343 357 413 323 344 362 464 407 358 346 414 369 446 471 404 425 322 448 268 325 432 503 432 263 553 353 544 407 376 296 401 425 341 369 525 268 559 494 409 560 454 378 381 374 440 431 527 265 364 410 258 243 272 328 559 506 348 423 471 425 302 437 594 308 477 383 472 445 137 507 443 335 413 
408 289 297 259 206 365 290 317 0 391 500 372 304 411 196 400 206 331 340 190 340 345 420 522 169 265 330 106 212 369 350 323 539 197 269 248 248 381 213 257 275 144 172 286 274 359 312 89 323 342 265 316 349 69 97 386 218 371 352 263 324 336 383 286 46 221 526 339 241 361 260 316 530 447 213 392 385 236 227 308 80 115 203 549 278 191 211 330 259 507 284 293 76 203 482 337 355 330 208 225 418 380 315 413 219 215 209 235 188 353 205 223 421 354 285 271 411 216 118 403 334 316 259 267 329 365 324 251 184 383 356 315 424 215 309 250 270 346 344 69 252 276 455 411 241 300 243 364 368 338 262 291 466 297 424 33 335 264 172 249 213 266 439 409 308 111 395 532 193 332 230 396 326 197 349 389 125 230 242 217 264 245 332 164 180 405 273 322 467 283 287 201 455 141 212 317 271 234 464 385 374 350 348 280 169 280 293 253 242 331 70 463 540 243 351 156 251 254 142 261 310 397 144 285 219 60 308 292 393 481 281 267 250 154 342 104 309 367 10 258 281 274 307 454 261 316 332 161 
582 482 409 545 531 358 435 498 391 0 486 546 399 469 389 408 259 425 427 540 598 303 505 562 349 363 401 384 283 424 530 480 582 378 490 425 428 392 361 535 264 364 450 515 475 491 352 414 281 335 477 574 237 394 368 502 543 570 347 541 467 329 483 357 437 519 637 440 428 416 253 424 590 643 394 432 630 254 303 501 405 460 424 705 113 413 359 546 489 578 522 357 467 351 759 567 395 655 409 503 462 368 489 486 460 389 398 415 431 523 304 444 537 367 265 333 519 366 396 495 545 490 440 272 474 553 416 244 386 540 577 593 560 417 313 400 429 330 350 340 400 331 470 443 518 450 450 330 466 310 268 174 552 433 642 358 516 414 454 348 361 544 48 537 416 389 569 668 451 424 432 554 380 390 505 490 383 509 463 367 270 380 531 422 328 606 454 593 520 451 519 418 666 419 392 422 596 473 645 438 576 326 514 461 413 454 333 414 340 420 321 644 543 391 550 343 401 404 400 204 484 571 422 314 477 331 389 472 474 631 496 338 506 385 402 375 421 487 381 367 469 426 501 513 586 414 325 486 
726 351 623 623 573 341 616 575 500 486 0 690 539 537 444 430 511 487 460 554 622 563 546 506 484 496 654 417 494 352 674 455 568 455 540 489 571 543 495 266 479 426 606 576 597 347 513 523 541 546 547 598 583 454 506 535 533 129 429 496 450 370 565 568 470 516 695 549 617 497 464 457 623 724 349 598 733 514 567 370 514 537 485 575 373 515 493 407 541 770 571 552 440 465 570 644 556 640 559 466 544 522 639 524 460 539 353 558 423 587 556 505 570 612 567 593 424 447 405 698 182 603 517 487 634 647 619 455 466 395 619 324 639 450 573 453 505 628 388 503 514 412 453 693 329 403 478 408 644 620 532 434 602 556 723 467 527 439 606 568 475 507 534 442 449 422 685 747 424 486 465 381 421 443 265 499 407 323 505 448 534 527 168 398 442 466 409 281 708 438 651 436 464 382 536 521 581 539 671 679 609 632 595 416 410 441 499 506 473 565 504 599 348 505 646 603 482 485 424 464 471 684 379 574 442 494 470 607 555 700 563 549 537 600 435 510 635 649 490 529 563 584 636 591 547 547 536 595 
36 510 244 384 279 511 234 485 372 546 690 0 462 376 419 432 407 455 425 562 447 287 364 588 459 489 320 376 368 465 298 479 540 430 364 328 196 376 207 475 405 302 308 437 274 349 378 296 265 498 323 440 519 339 403 500 488 561 459 542 463 492 488 442 418 360 154 506 300 462 416 450 588 416 395 458 473 452 444 529 386 487 327 553 433 181 205 420 506 598 341 480 448 361 698 585 421 532 177 449 369 463 57 470 423 157 399 183 405 453 452 347 535 565 388 213 570 440 388 393 508 309 467 397 293 388 314 407 232 419 373 525 437 291 297 474 377 408 389 375 339 458 613 569 465 524 350 409 444 449 424 372 566 505 560 339 391 488 357 496 371 490 594 588 442 381 337 545 470 456 306 429 489 418 515 556 283 512 366 441 422 293 522 444 338 405 335 546 441 379 356 392 622 365 160 473 473 388 511 523 450 404 377 462 393 382 359 377 466 589 376 622 706 401 374 508 475 471 266 402 412 390 362 386 496 366 307 397 392 522 405 423 341 510 400 410 232 525 362 306 304 333 336 592 197 540 488 297 
426 288 415 486 444 474 406 422 304 399 539 462 0 479 291 399 250 365 404 469 506 354 519 539 331 287 452 198 338 297 464 352 464 302 363 270 352 252 379 273 283 310 410 357 446 473 291 327 332 468 387 482 394 235 285 479 339 410 280 426 429 445 416 264 325 315 544 361 429 301 386 346 567 433 279 409 544 305 335 307 318 384 325 518 286 347 377 206 447 485 352 321 355 342 504 491 334 554 349 247 472 413 429 512 241 329 283 339 116 393 295 317 514 358 413 384 149 238 186 497 385 384 364 291 169 531 418 377 350 338 400 331 359 231 364 272 198 512 261 257 391 216 576 519 263 322 171 281 508 504 300 225 506 403 432 271 440 286 410 339 334 288 447 167 338 203 509 467 354 366 246 324 394 290 420 411 291 315 286 239 298 368 371 328 319 341 339 332 324 211 458 129 471 163 326 245 495 74 569 406 390 508 399 346 191 208 310 287 264 471 258 529 562 382 445 334 273 276 308 195 238 448 160 393 376 248 179 454 94 503 447 283 318 404 379 292 427 533 294 358 447 462 440 464 445 338 458 345 
412 318 426 449 361 196 296 334 411 469 537 376 479 0 225 494 476 346 303 446 534 349 401 616 243 405 382 445 349 311 360 470 379 214 391 390 258 410 269 357 330 372 496 351 336 411 416 358 327 401 283 510 504 409 315 428 510 408 234 473 87 225 370 423 365 479 530 233 370 263 319 390 516 478 326 496 692 497 418 337 426 296 345 615 356 243 267 482 222 644 384 511 395 431 707 281 459 516 239 353 7 101 319 532 441 219 330 245 363 474 467 365 463 371 479 275 585 356 433 455 383 371 276 338 538 554 376 310 294 481 457 415 499 353 359 390 316 470 419 343 401 263 308 591 482 440 343 439 404 301 383 417 445 339 590 379 352 404 419 423 387 312 475 603 382 450 399 607 401 347 368 491 276 226 538 183 353 440 384 355 385 355 369 375 408 205 386 482 442 397 422 350 555 410 222 488 457 484 481 360 512 466 361 393 403 400 397 395 382 542 362 576 334 447 609 548 389 392 336 447 417 452 407 448 401 352 337 366 422 619 475 404 522 451 328 396 438 595 402 368 470 403 402 471 443 456 391 507 
455 93 316 375 336 247 306 131 196 389 444 419 291 225 0 521 264 316 269 221 470 234 406 413 40 382 376 236 184 413 397 393 430 11 324 333 295 185 312 374 308 274 302 148 346 448 313 219 256 236 320 446 339 199 99 394 348 315 390 325 138 230 254 258 162 351 573 284 317 326 136 385 482 366 178 366 550 366 268 112 210 93 258 513 354 280 310 427 335 479 414 399 192 325 498 200 356 460 282 178 232 326 362 336 340 262 182 282 309 249 281 278 429 168 415 308 420 333 248 415 290 414 73 316 405 460 403 145 314 333 313 432 461 298 288 367 378 476 194 127 289 241 359 523 257 417 351 214 441 453 233 349 362 114 365 163 149 381 302 240 269 219 437 438 377 241 442 569 253 315 310 319 281 1 425 234 255 282 219 332 231 373 276 227 302 430 238 324 362 370 403 322 401 262 259 323 401 310 278 443 457 480 422 245 290 367 294 308 359 394 146 428 385 365 451 332 298 369 272 319 397 418 265 233 279 136 112 163 197 442 397 239 380 350 294 180 328 497 186 372 376 350 408 268 376 433 226 291 
468 523 482 502 417 570 352 497 400 408 430 432 399 494 521 0 259 461 486 590 590 363 482 658 496 383 390 294 480 487 410 448 347 510 459 366 308 452 325 375 324 364 506 459 392 83 498 414 341 552 441 566 490 331 424 561 480 512 470 410 581 541 579 454 446 483 586 457 426 476 452 426 649 534 454 528 503 314 534 542 414 515 427 669 295 251 323 462 567 659 448 511 476 351 600 607 541 376 295 343 487 550 375 260 337 275 458 295 306 491 304 413 596 367 525 331 532 334 282 505 487 427 555 332 568 623 426 461 350 489 502 433 549 333 373 368 388 520 501 396 400 391 603 316 359 418 361 521 562 575 511 234 552 615 613 367 509 382 475 348 361 384 456 550 434 299 455 657 498 462 348 503 490 522 505 507 383 573 388 335 513 380 473 498 328 523 514 586 487 401 474 319 471 259 272 435 317 473 629 438 492 516 413 521 287 398 517 383 360 480 404 704 658 391 447 343 369 372 392 204 428 508 262 496 472 394 419 619 493 599 531 473 414 445 461 405 494 272 390 367 539 459 454 634 499 434 542 495 
443 357 340 363 346 316 334 386 206 259 511 407 250 476 264 259 0 330 227 396 339 214 463 458 237 346 312 217 241 448 398 411 401 266 268 166 296 303 211 368 175 105 312 312 358 342 261 229 192 293 264 315 396 180 165 302 329 402 380 452 393 287 445 252 252 332 561 256 327 327 193 205 390 397 305 328 467 165 313 376 220 321 202 545 146 281 209 441 308 400 395 376 282 92 593 405 304 429 277 336 469 401 357 371 298 257 309 283 299 406 45 222 337 218 284 244 399 297 229 480 349 383 328 183 383 364 401 202 182 471 355 426 455 326 224 331 372 307 305 137 141 242 344 410 352 381 345 325 385 337 336 85 293 378 456 173 281 345 312 89 102 377 307 417 197 222 429 563 333 331 341 481 338 265 246 306 124 314 241 296 334 121 363 304 69 454 365 390 261 362 335 312 521 252 260 348 370 320 499 179 485 311 274 372 280 365 271 252 323 331 156 450 457 132 368 194 330 259 141 55 395 464 255 328 359 146 376 360 344 409 280 233 264 296 202 146 352 366 196 108 280 360 315 508 401 397 283 301 
491 409 248 388 418 299 284 419 331 425 487 455 365 346 316 461 330 0 396 495 288 233 414 565 356 326 267 237 347 430 447 391 359 327 154 309 345 279 260 318 268 225 316 238 244 498 355 354 211 395 190 264 364 262 362 271 322 358 391 277 259 270 471 393 377 414 581 213 304 286 299 314 559 460 138 435 525 367 356 428 345 409 128 603 379 330 258 384 412 506 391 310 407 284 543 386 398 536 326 286 353 372 406 416 124 306 134 332 249 368 375 108 306 484 332 263 331 277 225 542 305 423 389 276 477 392 463 308 231 451 281 376 407 255 179 311 331 427 288 334 333 201 411 492 302 361 304 308 311 385 321 318 481 430 459 298 356 325 407 403 294 327 473 349 306 242 466 515 208 1 240 457 321 317 438 163 206 483 167 278 323 292 319 179 261 340 198 404 445 344 360 262 427 202 309 234 477 439 452 509 414 431 381 205 230 341 336 78 303 346 335 388 314 324 544 467 312 244 189 348 371 504 205 414 234 325 206 401 291 526 328 402 345 389 371 369 260 448 321 305 308 337 340 491 336 377 389 426 
461 326 381 308 410 363 345 400 340 427 460 425 404 303 269 486 227 396 0 478 433 371 475 323 309 326 398 345 310 412 409 391 441 280 334 230 307 349 222 453 346 271 403 406 385 460 113 363 349 440 284 409 433 308 317 125 457 530 335 489 390 392 297 384 386 460 579 398 325 309 358 185 213 408 342 193 593 392 194 307 307 362 296 601 373 292 220 462 81 360 188 350 416 282 622 469 156 496 288 421 296 202 368 351 306 268 346 294 379 255 272 288 160 437 301 324 511 277 354 490 477 156 342 354 235 492 411 349 193 451 449 474 548 402 317 311 417 473 358 289 354 279 475 538 437 361 408 378 405 402 159 312 142 371 529 307 418 325 215 316 294 462 475 495 177 350 448 656 401 397 417 465 443 268 361 448 252 137 335 276 157 132 491 391 296 508 402 542 301 402 280 366 501 337 271 414 437 330 544 219 561 477 341 409 324 405 94 318 303 558 270 461 597 242 494 348 310 239 235 282 420 237 340 252 375 280 276 388 361 502 374 365 369 467 25 324 393 494 330 119 408 358 300 537 492 377 430 435 
598 312 437 297 396 468 412 352 190 540 554 562 469 446 221 590 396 495 478 0 530 455 542 489 261 455 488 296 402 486 540 513 651 232 433 438 438 404 403 447 465 334 362 369 372 549 403 279 477 457 305 506 539 259 287 550 408 425 542 361 359 451 475 476 144 411 716 505 431 484 357 475 641 585 399 359 575 426 284 331 270 213 367 587 427 381 401 382 449 611 474 391 114 393 667 421 446 520 398 399 453 487 505 511 409 405 399 425 378 468 395 387 585 324 475 461 564 406 308 535 372 445 294 457 519 555 514 366 374 552 306 505 535 405 477 440 460 536 413 259 442 439 580 601 431 490 433 433 426 491 319 481 581 107 584 223 370 454 362 439 403 440 588 582 467 301 585 643 383 496 420 538 502 220 539 455 315 420 406 407 321 392 386 354 370 503 459 471 583 473 325 391 620 331 402 467 461 424 499 575 564 540 386 466 359 470 384 417 432 521 260 649 606 433 541 346 441 444 332 451 500 364 334 226 409 250 331 384 416 661 471 457 440 344 453 294 449 557 200 379 471 464 345 489 451 506 447 351 
411 563 431 439 457 541 392 572 340 598 622 447 506 534 470 590 339 288 433 530 0 445 522 628 443 467 445 308 466 571 456 532 647 472 325 336 354 534 269 459 514 234 446 369 415 507 462 363 423 498 321 24 527 271 371 442 420 493 554 565 547 512 642 402 386 423 293 457 466 448 430 406 596 574 426 498 652 438 501 582 354 455 259 711 485 339 267 532 410 606 486 433 416 293 684 517 505 505 335 427 527 503 415 572 355 315 422 341 390 575 384 279 477 557 341 371 502 418 320 551 440 467 514 522 584 455 472 427 240 577 412 517 578 417 410 452 472 436 434 343 342 489 545 501 443 502 445 454 442 394 536 424 575 584 585 307 438 466 446 428 303 468 558 520 398 313 495 686 467 289 411 587 528 471 447 451 215 520 298 419 538 301 454 438 270 511 486 539 600 485 411 403 657 343 318 405 446 508 656 518 576 440 350 493 371 482 477 309 444 521 344 630 602 333 553 476 453 456 198 394 512 548 346 544 493 334 465 566 550 589 337 421 452 467 408 378 443 457 330 314 371 499 391 637 535 518 508 435 
323 327 225 286 272 354 207 343 345 303 563 287 354 349 234 363 214 233 371 455 445 0 337 487 194 403 142 314 338 234 271 341 509 223 231 301 169 133 180 395 219 283 191 315 247 322 296 269 22 390 267 421 492 320 266 348 440 457 311 333 350 325 408 365 374 390 441 263 169 371 290 349 534 389 349 357 619 209 247 346 310 305 205 446 190 154 178 393 452 571 306 354 404 306 620 412 339 500 150 363 342 383 230 183 201 130 353 156 243 426 259 185 383 322 369 74 408 354 302 366 432 282 285 227 418 369 287 299 205 281 358 453 410 264 54 388 299 381 288 294 312 286 466 520 379 438 272 308 388 318 212 129 507 348 459 312 361 402 218 303 316 404 351 426 357 319 310 518 424 234 279 267 376 235 460 313 264 453 244 355 214 266 418 398 283 378 409 413 389 148 314 230 394 279 133 311 451 413 484 393 423 377 358 310 307 151 277 155 380 375 313 595 464 346 520 298 389 392 247 159 181 363 282 305 450 303 206 317 291 503 386 384 322 340 346 347 237 506 335 279 285 202 317 480 354 454 380 440 
400 475 414 545 349 205 130 421 420 505 546 364 519 401 406 482 463 414 475 542 522 337 0 670 366 480 370 345 300 515 348 467 590 395 260 378 246 426 257 472 301 360 484 436 170 399 455 346 315 352 373 498 455 382 438 469 531 417 558 578 314 176 580 374 398 467 518 457 358 453 270 399 638 428 431 540 666 471 463 456 436 467 326 449 452 231 255 470 556 595 391 508 428 419 697 584 498 587 227 440 408 502 307 520 382 207 435 233 403 503 418 306 504 552 467 263 529 431 333 443 392 359 363 293 577 558 364 261 282 469 445 530 333 341 347 465 485 458 412 425 389 368 317 542 456 515 458 432 494 507 478 391 581 520 610 389 287 479 407 374 385 481 553 547 391 350 387 441 506 415 356 479 125 407 573 410 341 562 365 432 476 343 378 480 396 301 491 491 611 429 526 416 670 356 210 432 528 500 505 642 500 454 522 498 384 432 474 336 457 588 426 631 560 456 567 558 466 453 324 421 462 440 359 405 532 416 357 489 442 692 463 355 465 406 450 460 426 583 412 356 474 391 506 558 431 531 342 517 
624 506 527 443 568 498 540 522 522 562 506 588 539 616 413 658 458 565 323 489 628 487 670 0 431 461 540 434 519 425 604 526 687 402 557 292 502 484 417 436 481 425 538 539 580 655 248 545 484 571 479 604 568 471 503 398 620 377 502 624 529 527 432 556 553 623 742 510 502 486 489 320 486 665 477 130 728 564 329 525 442 484 491 651 588 487 415 566 404 633 365 485 583 412 740 591 291 631 483 483 619 525 531 486 441 463 481 489 434 275 503 511 433 559 558 494 575 412 422 667 352 333 464 489 370 573 588 480 388 471 581 494 651 437 452 446 490 627 493 505 461 414 598 730 499 496 463 513 589 626 294 543 388 382 664 489 540 460 350 547 356 524 610 557 312 439 643 759 493 566 452 457 578 414 496 560 444 405 528 411 292 390 338 464 389 687 537 451 624 339 415 421 634 399 466 561 572 465 669 542 596 631 476 544 427 342 229 487 438 631 506 719 596 377 629 483 445 374 430 513 372 414 402 387 519 496 411 523 496 439 569 574 504 602 298 540 539 686 512 392 587 535 435 659 650 512 561 617 
495 133 276 370 309 219 324 149 169 349 484 459 331 243 40 496 237 356 309 261 443 194 366 431 0 342 336 209 144 373 437 407 448 29 333 293 316 225 316 360 348 247 275 166 364 462 353 192 216 196 329 419 299 172 72 430 321 355 350 365 156 190 214 218 180 324 613 301 290 366 96 398 450 406 218 406 510 339 276 152 183 111 267 553 327 294 314 400 308 439 387 359 210 285 538 218 396 433 311 196 250 344 402 376 322 302 222 322 291 289 244 287 465 186 388 268 380 293 221 433 330 419 91 356 378 420 421 105 287 373 351 418 421 271 248 327 338 449 234 100 307 281 331 496 297 377 311 254 417 413 273 322 402 154 348 136 167 341 275 200 229 237 397 398 390 214 482 529 293 355 286 359 241 41 398 252 228 322 237 292 271 348 316 267 262 448 278 297 380 342 388 304 441 244 299 283 374 283 296 416 430 453 409 285 272 345 334 317 319 434 119 468 403 325 411 305 258 329 245 292 375 436 247 231 319 109 152 123 237 482 357 199 353 323 334 153 288 470 159 335 336 323 368 286 364 393 186 264 
525 388 314 408 405 335 409 392 265 363 496 489 287 405 382 383 346 326 326 455 467 403 480 461 342 0 437 159 308 352 467 163 400 371 324 231 319 487 340 240 338 271 371 324 410 434 213 288 381 438 354 443 153 196 296 371 290 377 335 473 318 364 397 319 311 348 643 172 370 356 356 157 489 591 334 331 498 289 332 407 279 380 292 403 430 350 338 327 407 536 313 376 341 254 465 472 256 529 352 208 412 417 432 323 202 332 338 306 171 206 391 278 336 528 390 388 397 49 147 530 352 345 426 346 335 448 451 347 311 223 367 298 414 198 349 83 253 473 392 268 349 271 447 538 224 133 226 412 475 465 297 369 319 496 478 232 350 97 315 435 295 249 342 415 149 164 512 522 363 327 213 237 355 383 231 222 252 408 253 50 295 329 338 338 277 510 394 451 511 266 380 184 349 124 329 300 470 361 568 525 357 477 441 401 96 263 232 248 23 455 269 584 373 214 399 401 84 87 269 399 293 426 127 390 337 259 414 465 381 314 408 338 217 419 301 303 326 494 255 342 374 403 400 529 460 51 338 360 
356 469 323 320 305 496 240 469 330 401 654 320 452 382 376 390 312 267 398 488 445 142 370 540 336 437 0 348 368 376 298 437 546 365 265 291 196 231 176 429 317 283 225 349 280 307 330 302 120 498 183 421 492 320 361 382 469 542 453 475 469 467 514 442 376 417 474 361 267 426 410 402 561 422 405 410 646 307 281 488 344 445 239 544 288 139 178 420 479 571 347 421 406 290 654 497 373 483 183 397 375 365 263 325 235 163 401 183 360 453 357 219 417 420 390 172 442 388 336 393 489 315 411 325 452 467 314 407 205 377 392 487 443 291 88 422 441 408 386 333 195 366 542 550 413 472 414 406 304 416 246 227 540 458 557 297 335 436 316 401 300 438 449 460 394 353 343 551 457 268 306 391 495 377 444 411 264 485 278 389 248 266 503 428 267 411 465 511 520 290 348 372 536 313 160 345 424 498 517 491 450 404 328 344 341 293 311 189 414 473 334 595 562 330 547 396 423 426 247 257 323 396 316 339 483 324 304 459 389 563 386 423 420 438 373 368 335 506 320 279 383 300 368 589 387 488 488 350 
412 299 241 307 246 300 304 303 106 384 417 376 198 445 236 294 217 237 345 296 308 314 345 434 209 159 348 0 252 263 368 224 433 238 235 142 230 403 181 151 249 112 212 235 325 275 274 129 292 382 233 284 266 37 137 352 186 288 246 369 365 271 355 230 152 189 530 233 281 267 300 218 456 486 245 304 418 130 267 318 120 221 171 464 271 231 179 238 299 451 178 287 182 171 376 377 317 370 247 119 438 379 327 384 113 227 249 217 82 267 245 189 387 395 253 283 308 110 12 371 263 210 300 257 367 333 292 291 152 284 278 209 325 109 260 144 164 314 303 109 220 182 412 379 135 194 137 323 354 306 302 210 380 350 389 73 316 158 212 289 181 160 432 326 210 5 407 433 233 238 124 290 220 237 292 283 93 316 164 111 304 213 249 204 148 421 305 362 438 177 335 95 349 35 230 211 311 272 505 396 268 318 353 312 63 174 293 159 136 296 110 455 434 211 319 242 145 148 110 240 204 291 38 325 248 100 348 332 292 375 249 249 144 260 320 144 253 335 96 226 249 314 333 440 301 210 372 201 
404 277 389 413 317 153 288 293 212 283 494 368 338 349 184 480 241 347 310 402 466 338 300 519 144 308 368 252 0 229 346 406 481 173 285 227 172 369 261 379 363 232 318 310 328 397 321 235 319 130 281 442 155 215 189 385 335 365 276 475 262 124 358 74 258 367 522 235 333 381 48 332 473 470 359 389 444 362 202 296 191 255 219 598 370 229 259 291 351 295 395 215 288 219 610 362 364 476 231 340 356 409 311 498 315 211 355 185 222 394 196 239 420 327 307 267 236 292 264 441 340 363 235 371 403 491 362 39 265 418 372 437 277 293 351 326 194 434 378 161 268 296 265 490 369 376 167 398 402 448 237 326 281 298 492 179 311 340 283 152 163 381 331 254 324 257 391 385 339 348 308 404 175 185 373 285 251 397 258 291 239 204 326 310 196 459 419 414 502 291 441 209 577 269 208 139 417 308 440 420 452 438 401 426 297 288 302 269 285 477 162 533 338 259 345 348 257 328 268 296 318 444 266 183 365 152 296 267 381 487 291 55 396 366 285 196 401 493 202 191 407 366 442 430 399 359 120 307 
501 367 436 520 450 357 385 490 369 424 352 465 297 311 413 487 448 430 412 486 571 234 515 425 373 352 376 263 229 0 381 279 312 402 428 335 347 367 358 282 322 375 425 422 425 500 397 392 256 359 392 547 384 300 400 537 354 223 77 465 398 353 213 279 342 452 619 426 403 340 277 411 449 548 318 295 673 393 410 386 383 363 390 399 311 332 356 423 331 500 357 200 372 434 569 570 440 593 328 271 304 210 408 417 306 308 322 334 181 458 425 382 572 496 292 308 373 303 251 544 198 389 464 330 422 580 465 268 383 219 465 340 398 296 288 337 159 559 404 372 483 255 469 498 328 381 186 424 363 410 375 363 510 527 576 336 540 345 452 381 392 312 472 391 403 268 488 506 393 431 311 205 404 414 485 476 356 549 351 304 377 433 184 367 411 516 378 297 452 86 499 168 480 228 311 276 534 327 487 469 455 555 438 385 256 89 394 352 329 534 373 568 367 468 574 427 292 341 373 393 119 470 225 412 419 363 440 304 391 522 512 284 383 405 437 407 448 542 359 420 496 436 479 607 516 403 349 464 
334 488 348 488 283 499 218 463 350 530 674 298 464 360 397 410 398 447 409 540 456 271 348 604 437 467 298 368 346 381 0 390 524 408 348 312 174 358 191 453 389 294 418 429 258 327 472 280 249 476 307 432 501 331 381 484 480 553 458 604 447 470 515 365 396 395 452 490 292 446 394 466 572 400 497 474 624 436 428 507 364 465 319 510 417 159 189 398 490 582 325 493 426 353 684 577 507 521 161 427 353 447 241 454 415 141 493 161 384 431 443 339 519 549 401 197 562 418 366 371 500 293 451 381 523 492 292 385 216 330 379 511 421 269 281 452 446 386 367 353 323 456 605 561 443 492 419 387 428 441 406 356 544 489 538 317 375 456 341 487 363 468 578 577 458 373 321 529 477 448 284 344 473 396 507 540 275 496 358 419 404 277 514 448 330 389 503 524 545 295 460 377 606 343 138 465 462 518 495 577 428 382 456 537 371 298 453 369 444 572 354 606 684 393 525 486 453 456 258 386 328 374 340 370 503 344 285 501 370 626 397 346 445 494 384 388 360 517 340 290 408 325 440 570 365 518 466 445 
515 453 307 447 464 400 399 457 323 480 455 479 352 470 393 448 411 391 391 513 532 341 467 526 407 163 437 224 406 279 390 0 465 404 389 296 307 474 372 305 403 336 436 389 439 466 278 353 363 524 419 508 270 261 361 340 259 326 356 491 383 393 462 384 369 413 633 237 363 421 442 222 554 581 399 396 563 354 397 472 339 438 357 240 495 298 370 392 472 505 378 441 399 319 530 537 321 594 342 273 477 386 422 341 267 322 403 320 236 271 456 343 305 561 451 378 462 114 212 552 301 410 466 411 400 451 473 433 376 60 432 363 479 263 395 80 318 538 457 333 414 336 512 603 289 102 291 477 540 512 362 434 384 505 543 297 415 66 418 500 360 314 459 480 214 229 502 587 357 392 278 74 342 392 296 287 317 473 318 115 360 394 287 386 342 570 459 400 504 193 419 249 414 189 319 365 535 426 633 586 422 542 440 466 161 190 297 313 140 520 333 649 438 279 464 459 149 152 334 464 220 491 192 455 331 324 466 460 446 379 473 403 210 477 366 368 319 559 313 407 367 396 399 594 525 214 403 425 
576 523 337 477 525 401 460 539 539 582 568 540 464 379 430 347 401 359 441 651 647 509 590 687 448 400 546 433 481 312 524 465 0 419 442 464 422 528 433 498 492 469 572 526 500 264 439 522 487 533 478 623 507 470 520 559 512 439 235 568 292 430 371 437 570 571 694 246 393 510 451 383 390 642 426 557 616 563 508 542 553 501 416 705 469 407 431 601 360 658 530 512 600 456 679 608 482 557 403 482 386 368 483 441 320 383 425 409 399 508 446 396 594 576 481 439 613 351 421 547 414 535 481 500 561 481 468 442 458 525 569 556 616 472 467 385 317 382 537 538 505 425 513 663 438 435 344 557 521 542 473 486 583 544 708 506 557 399 579 490 400 517 630 625 375 438 563 669 351 360 487 517 481 431 533 196 488 578 455 350 475 519 400 380 433 584 486 513 140 398 449 386 575 398 386 522 498 485 488 222 631 378 470 493 398 401 458 366 377 547 543 676 347 440 628 595 384 313 477 456 431 616 401 566 325 533 455 462 370 614 616 456 434 613 466 547 349 619 529 509 397 426 429 676 607 451 523 621 
466 104 305 364 338 236 295 120 197 378 455 430 302 214 11 510 266 327 280 232 472 223 395 402 29 371 365 238 173 402 408 404 419 0 313 322 306 196 323 367 319 276 304 137 335 459 324 221 245 225 309 448 328 201 101 405 350 326 379 336 127 219 243 247 151 353 584 273 319 337 125 396 479 377 189 377 539 368 279 123 212 82 247 524 356 291 321 429 337 468 416 388 181 314 509 189 367 462 293 167 221 315 373 347 329 273 193 293 298 260 273 267 440 157 417 297 409 322 250 404 301 425 62 327 407 449 392 134 316 344 322 425 450 300 277 356 367 478 205 129 278 252 348 525 268 406 340 225 430 442 244 350 373 125 376 165 138 370 304 229 258 208 426 427 388 243 453 558 264 326 299 330 270 12 427 223 257 293 208 321 242 377 287 238 291 419 249 326 351 359 392 311 412 251 270 312 403 312 267 433 459 482 411 256 279 356 305 297 348 405 148 439 374 354 440 334 287 358 274 320 386 407 254 244 290 138 123 152 208 453 386 228 382 351 305 182 317 499 188 364 365 352 397 257 387 422 215 293 
400 417 360 409 349 360 130 357 269 490 540 364 363 391 324 459 268 154 334 433 325 231 260 557 333 324 265 235 285 428 348 389 442 313 0 265 246 307 198 316 301 163 314 176 90 399 353 292 209 333 128 301 431 200 300 209 349 411 411 431 413 331 409 331 315 352 518 367 356 398 237 335 497 348 292 427 581 365 370 436 283 384 66 449 377 231 196 322 415 444 389 248 345 222 541 324 396 533 227 284 398 310 307 414 122 207 288 233 247 355 313 46 244 470 270 261 269 275 223 443 358 359 363 293 475 384 364 246 169 449 219 374 253 193 177 309 329 365 152 272 271 313 472 430 300 359 302 172 249 323 335 316 468 418 473 236 287 323 375 341 232 325 487 287 327 240 387 361 362 155 178 455 382 325 376 317 144 421 105 276 337 230 372 333 199 186 352 448 529 342 437 260 514 200 210 172 474 437 505 447 352 369 404 359 228 339 334 76 301 328 273 371 468 262 482 405 310 313 127 323 369 440 203 372 388 263 234 456 319 518 266 340 355 406 309 307 372 386 259 243 300 389 445 355 431 375 327 364 
364 371 359 391 313 299 248 375 248 425 489 328 270 390 333 366 166 309 230 438 336 301 378 292 293 231 291 142 227 335 312 296 464 322 265 0 210 390 125 223 321 133 354 307 288 363 238 271 279 279 187 312 338 179 279 305 328 360 318 455 364 273 422 301 294 331 482 218 322 339 197 233 314 400 308 162 531 272 343 390 262 361 199 536 312 195 123 310 311 403 296 359 324 120 448 455 195 457 191 191 383 369 271 399 185 171 312 197 154 339 211 219 340 384 267 227 283 182 130 407 335 323 384 329 360 392 328 188 96 356 350 281 397 181 311 216 236 335 333 251 169 254 306 438 207 266 209 353 308 334 322 251 372 383 461 215 309 230 354 255 64 232 473 265 225 147 351 505 346 310 196 362 324 334 274 268 152 317 236 183 320 98 321 346 97 419 368 434 427 249 363 167 421 107 174 283 398 344 525 345 340 339 302 375 135 246 257 231 208 438 252 427 419 160 461 360 217 220 138 221 276 404 110 332 320 242 321 416 364 447 277 282 262 402 205 286 371 394 238 111 308 355 343 512 395 282 269 343 
232 386 246 386 181 325 116 315 248 428 571 196 352 258 295 308 296 345 307 438 354 169 246 502 316 319 196 230 172 347 174 307 422 306 246 210 0 256 89 305 287 192 316 327 156 225 370 178 147 302 205 330 327 229 279 382 378 442 400 502 345 296 367 246 294 293 350 388 190 344 220 364 470 298 395 372 522 334 326 405 262 363 217 427 315 57 87 250 388 467 223 387 324 251 536 475 405 419 59 279 251 345 139 352 273 39 391 13 236 283 341 237 417 447 299 95 408 270 218 269 398 191 349 279 421 390 190 211 114 247 277 363 319 121 179 304 318 284 265 251 221 336 437 459 295 354 291 285 326 339 304 254 396 387 401 215 273 318 239 324 261 320 476 426 356 235 219 427 375 346 136 233 347 294 405 438 173 394 256 271 302 175 403 346 228 287 401 376 443 261 358 249 503 195 36 311 360 382 393 475 280 280 354 435 223 264 351 267 296 470 252 504 510 291 423 384 305 308 156 284 294 272 192 268 401 242 183 399 268 516 295 227 343 392 282 286 258 415 238 188 306 223 338 452 263 370 292 343 
412 276 314 375 361 432 296 316 381 392 543 376 252 410 185 452 303 279 349 404 534 133 426 484 225 487 231 403 369 367 358 474 528 196 307 390 256 0 269 473 308 355 280 333 336 409 274 358 111 421 356 510 524 384 284 424 533 414 444 466 323 415 439 443 347 477 530 352 258 399 321 346 512 327 363 354 706 298 229 295 395 278 294 535 279 241 267 458 430 659 395 221 377 395 564 385 317 589 239 363 417 511 319 316 290 219 367 243 368 432 348 274 459 353 313 163 394 438 391 453 361 371 258 316 396 458 374 330 294 414 447 531 499 351 143 472 432 468 155 312 401 314 544 583 323 522 405 175 477 407 194 218 491 297 326 348 334 486 307 392 405 404 440 412 338 408 399 607 438 280 366 400 466 184 487 402 353 431 333 437 192 355 375 412 372 405 423 460 388 281 403 363 483 368 220 297 540 326 463 470 447 464 447 399 396 284 255 244 464 464 331 579 553 403 607 387 471 400 336 248 314 452 371 287 436 321 73 348 158 592 475 424 411 429 324 365 326 595 371 368 374 291 406 358 443 538 411 409 
243 403 257 358 192 414 127 378 213 361 495 207 379 269 312 325 211 260 222 403 269 180 257 417 316 340 176 181 261 358 191 372 433 323 198 125 89 269 0 332 298 107 319 242 167 242 285 189 158 371 120 245 316 144 244 297 293 366 427 476 356 385 430 275 259 296 361 330 201 355 303 279 385 309 360 287 525 311 337 422 227 328 132 446 326 74 2 313 303 395 234 306 289 166 557 390 320 424 70 300 262 302 150 363 228 50 356 76 263 346 256 152 332 429 214 106 375 291 193 286 313 202 352 290 407 328 207 300 29 312 285 390 330 184 190 325 345 301 282 216 136 363 418 374 316 375 318 302 241 267 321 265 364 375 453 180 276 339 250 300 176 341 409 390 271 186 230 438 340 261 199 322 382 311 320 380 88 309 171 292 319 90 327 311 143 298 412 412 454 272 330 276 515 216 53 278 365 381 404 390 343 297 269 427 244 275 266 182 317 394 217 419 531 206 426 349 326 329 71 266 305 283 219 279 366 207 200 410 285 462 210 294 325 367 197 251 269 330 203 103 244 234 310 485 274 391 381 308 
511 281 368 438 397 271 395 378 257 535 266 475 273 357 374 375 368 318 453 447 459 395 472 436 360 240 429 151 379 282 453 305 498 367 316 223 305 473 332 0 324 263 363 310 406 426 355 280 373 476 340 435 347 188 288 433 337 137 321 426 380 300 430 305 303 340 429 314 424 342 394 299 537 577 279 385 569 281 412 300 271 372 278 505 422 336 330 313 377 526 305 362 333 322 457 458 398 504 338 200 350 256 418 409 194 318 283 292 157 346 396 270 468 524 382 374 354 191 139 518 112 337 429 332 442 484 439 385 303 325 353 58 400 184 341 225 239 370 318 260 371 257 383 530 216 275 212 338 461 456 377 361 459 486 464 224 428 239 363 440 287 241 536 372 291 156 498 508 354 319 199 311 347 373 335 364 244 467 239 192 379 321 98 328 299 502 339 211 565 252 410 170 198 116 315 286 445 347 601 515 343 366 349 346 144 249 374 240 217 447 261 529 356 356 470 393 226 229 261 391 279 418 113 470 329 251 400 483 367 456 400 324 271 411 428 295 380 486 247 334 400 457 390 515 452 291 466 352 
